10000
360.80
389.40
324.50
644.00
428.50
497.30
395.10
478.30
121.00
482.30
452.80
219.30
440.00
716.30
428.80
546.10
498.40
375.20
345.80
-21.20
447.90
724.20
696.60
85.10
122.80
866.50
874.80
826.50
726.30
44.00
-75.40
146.50
867.60
882.00
-73.80
571.90
795.50
-5.50
-88.80
497.80
511.70
500.00
137.70
932.20
802.40
108.10
11.50
815.80
880.00
772.00
637.40
207.40
121.50
864.90
530.50
309.90
132.10
757.10
86.60
164.40
221.50
382.60
458.50
-72.20
816.70
930.70
180.60
800.70
559.30
338.00
896.80
223.90
592.70
150.30
125.20
46.90
119.10
575.10
677.40
826.50
753.30
391.60
363.70
206.90
500.30
491.90
130.60
205.60
886.20
910.60
244.00
458.70
178.80
578.10
735.80
367.10
487.80
205.60
944.10
757.20
794.70
446.90
437.20
523.30
435.10
921.60
208.70
182.80
-49.90
827.70
425.90
545.40
627.00
597.70
78.00
6.00
724.30
675.60
11.00
36.70
932.80
837.60
726.40
653.00
180.60
355.60
615.70
350.00
478.00
605.30
519.10
301.90
406.90
96.60
675.20
95.80
665.10
91.10
93.90
157.50
39.70
454.60
603.40
844.70
470.10
252.70
75.80
338.80
574.70
254.60
564.30
649.70
658.20
426.20
867.20
-27.30
715.10
480.60
484.30
-48.60
553.30
877.60
540.40
651.90
723.20
207.10
762.90
111.00
891.70
640.50
629.00
148.50
182.00
710.20
641.70
51.60
309.80
539.40
586.30
795.40
213.50
530.20
-84.80
55.00
821.00
108.40
541.10
743.00
378.00
609.40
778.70
181.20
474.00
536.40
799.50
675.60
-32.50
320.70
-0.50
602.60
-34.30
98.50
517.50
714.90
331.20
340.20
18.50
499.60
-86.00
498.90
314.70
749.80
156.80
272.10
889.40
568.00
422.70
-51.00
671.90
543.40
533.50
428.30
449.10
137.00
366.50
892.70
917.90
605.40
97.00
743.70
281.80
102.30
272.70
446.90
299.90
734.70
193.70
566.10
626.00
438.30
45.10
951.10
305.50
435.70
553.40
159.50
691.10
861.00
296.90
146.80
-75.70
753.50
910.20
897.80
460.70
442.00
4.40
357.60
367.50
497.20
520.10
865.20
141.90
312.90
149.50
88.10
222.60
347.30
114.20
55.90
939.70
817.40
736.80
199.20
-69.00
42.70
-10.20
909.40
21.70
373.70
755.80
568.00
172.90
-24.70
96.30
502.30
794.60
788.70
185.80
89.60
693.50
479.60
914.60
89.60
630.90
711.70
563.00
362.00
281.20
4.40
828.20
108.80
525.80
526.50
309.80
188.10
875.60
13.20
-1.40
588.50
897.10
-6.70
323.10
621.00
674.50
389.30
131.60
255.70
855.90
314.20
253.40
524.10
861.70
369.60
114.50
862.10
969.60
279.10
14.60
438.10
-20.80
715.50
185.10
424.70
312.10
159.00
50.50
733.00
203.70
769.70
635.20
610.90
283.90
610.60
333.30
648.30
761.80
875.00
837.10
456.00
363.80
888.90
795.90
416.90
109.40
691.60
784.60
200.90
266.10
268.10
415.40
221.40
443.70
28.40
362.40
380.80
737.40
496.50
722.90
396.90
686.20
521.70
680.50
859.80
-10.00
346.70
496.80
496.50
231.50
356.80
918.50
350.00
644.50
827.20
464.50
703.90
295.80
-23.20
238.50
858.90
863.60
372.80
112.70
503.90
-0.50
445.70
30.90
235.10
404.70
264.80
226.10
631.80
69.00
536.60
216.40
234.80
104.30
506.40
17.00
383.70
395.10
436.60
884.20
345.40
426.90
743.20
849.80
374.00
807.60
848.40
195.10
831.80
405.10
258.70
173.90
491.00
798.80
-51.90
235.60
850.80
4.00
323.10
70.00
-45.30
330.90
433.20
772.20
285.00
187.50
850.40
571.80
796.40
729.80
773.50
954.50
892.10
238.30
184.40
570.00
862.60
561.40
-53.10
556.30
709.60
984.30
724.70
22.00
895.70
56.50
90.00
314.60
409.90
314.00
551.30
663.20
73.60
350.60
147.80
94.90
-10.50
629.10
297.00
296.10
745.00
656.80
667.50
770.90
516.10
721.10
457.20
146.60
195.10
99.90
532.10
218.90
829.60
859.70
251.30
55.40
493.20
241.50
567.30
414.00
496.60
719.90
320.60
382.50
195.60
890.50
121.90
760.50
308.30
278.20
631.30
101.90
-23.90
118.30
810.00
908.00
904.20
924.10
261.60
252.50
-85.40
4.20
652.70
64.50
348.90
867.80
693.20
57.20
428.10
182.60
299.50
58.20
881.00
182.00
735.90
60.00
359.90
45.80
877.10
-94.80
267.20
850.50
157.80
57.60
239.90
-6.40
50.40
-40.20
792.10
184.60
81.30
424.70
333.20
632.60
392.80
267.20
772.90
677.10
197.10
403.70
783.70
651.20
471.20
160.20
430.30
9.90
330.60
649.10
620.30
322.60
524.80
743.70
12.30
479.80
-27.40
116.30
413.90
46.60
498.20
316.20
552.90
343.70
262.20
390.10
500.70
186.00
800.60
427.30
520.60
95.30
742.00
464.30
865.90
250.80
224.00
336.40
19.20
849.00
178.50
91.60
-29.90
831.60
252.50
672.50
0.50
-8.50
760.60
61.90
553.40
973.90
289.50
804.40
670.20
451.60
389.10
406.50
860.10
434.70
114.30
2.40
792.60
585.50
-7.00
126.90
109.30
30.70
154.80
796.60
72.20
655.50
482.80
319.50
383.80
320.80
859.90
753.20
891.80
481.10
849.00
936.80
233.00
979.20
706.90
457.00
-50.10
46.30
138.80
301.70
713.70
-12.50
-4.50
900.50
82.60
912.70
464.30
786.20
353.60
728.50
1.70
667.40
56.30
283.00
831.30
876.60
2.20
99.80
158.20
933.30
67.20
371.60
466.40
644.40
273.80
448.50
527.70
-29.00
132.00
336.10
-5.00
612.80
228.90
616.50
860.10
422.90
490.30
19.20
21.50
901.00
534.60
516.60
253.90
119.70
579.50
13.70
34.60
527.10
63.60
297.90
989.30
108.50
671.80
453.30
496.10
349.20
43.70
357.20
10.50
74.40
253.30
158.10
326.80
-79.70
40.80
644.00
556.40
557.10
711.50
234.60
11.10
38.90
302.70
798.50
-70.20
62.90
825.10
189.30
590.20
602.90
-32.50
411.40
143.40
149.00
322.20
732.70
580.70
921.70
239.70
805.90
778.30
331.00
697.40
31.50
463.80
960.30
28.70
50.00
545.70
14.30
-1.10
458.30
-67.20
123.70
826.60
647.80
444.90
1.80
476.00
710.80
992.50
357.50
329.80
-20.50
108.10
-5.20
775.70
922.80
501.30
250.70
736.40
514.80
113.70
60.90
393.70
150.50
238.00
105.70
550.10
925.70
343.40
216.90
462.20
953.80
76.60
-22.90
936.20
542.70
610.90
529.10
202.20
845.90
46.40
77.50
113.60
211.80
458.70
341.30
645.00
293.00
720.80
469.00
213.10
794.10
207.10
673.90
935.40
784.80
233.10
16.40
304.10
791.80
620.50
775.00
764.00
140.80
387.80
-42.00
620.90
890.60
22.80
-76.50
817.30
26.80
353.30
263.70
246.80
314.30
276.10
612.00
357.50
269.60
458.40
71.90
55.40
409.70
212.70
951.90
50.80
944.10
539.80
326.90
7.00
967.90
16.50
288.90
214.50
61.70
23.60
197.90
609.50
428.30
852.60
730.40
504.90
213.30
763.70
-21.60
-74.40
915.60
911.50
148.20
658.80
608.80
94.50
732.10
142.50
417.40
804.20
362.00
655.50
588.40
-1.90
519.40
280.10
437.60
637.60
780.20
864.90
736.00
-71.80
824.80
39.70
894.00
55.40
733.00
334.10
256.00
68.30
921.60
46.70
236.90
744.70
-10.10
251.00
328.90
160.60
821.80
14.00
582.00
13.80
366.00
146.70
657.70
184.80
366.80
402.80
751.30
762.90
592.90
490.30
363.50
568.40
124.30
592.00
202.20
827.50
455.40
150.40
5.30
58.60
289.40
495.70
805.70
127.70
261.40
473.00
853.20
806.20
595.00
736.10
345.80
-1.40
692.90
681.70
234.10
219.60
82.90
566.30
299.00
531.70
383.50
111.00
382.20
146.00
532.10
537.20
683.40
531.90
219.70
874.50
110.60
418.10
216.90
767.10
28.00
341.70
735.30
26.00
940.00
737.70
-57.60
408.40
397.90
297.60
399.60
491.80
513.90
244.40
979.30
147.90
738.70
551.40
-6.90
401.20
36.20
150.80
871.00
480.90
483.20
287.00
474.30
529.80
523.20
103.50
454.50
257.50
582.60
404.50
119.20
811.80
169.40
929.70
65.50
863.00
-29.10
333.80
490.10
891.60
579.30
847.90
777.30
416.70
-30.30
292.20
947.30
403.20
-53.60
504.10
601.70
525.80
216.60
334.50
746.10
216.30
861.70
509.20
-53.00
562.30
872.40
494.20
847.50
968.50
146.70
396.30
242.70
-79.10
829.50
540.50
129.90
911.30
395.50
394.40
509.20
774.30
572.80
801.30
645.30
670.10
19.90
-47.90
907.20
179.60
635.70
868.70
246.70
809.90
239.20
772.10
180.70
644.00
684.10
834.80
175.00
375.80
163.40
779.30
364.60
389.80
-14.80
521.20
268.50
909.20
129.20
12.00
714.60
156.70
938.30
10.00
338.00
342.30
800.00
618.00
94.90
18.90
232.40
68.00
534.90
269.00
66.70
370.30
665.50
453.30
391.70
500.30
425.10
501.90
143.50
-38.30
708.50
393.80
224.10
501.40
40.60
180.60
559.10
479.00
117.80
119.60
880.10
-36.40
163.40
865.00
-28.80
712.90
861.40
385.30
177.50
13.20
333.00
735.30
457.60
377.80
454.80
699.50
678.80
635.80
194.30
150.60
-63.40
96.50
476.90
205.70
345.50
782.10
273.10
876.10
954.00
739.00
57.00
985.80
832.40
880.00
41.20
929.20
121.80
284.30
254.90
679.50
108.20
291.40
791.10
857.50
152.30
21.00
25.40
21.60
411.50
374.00
599.40
583.20
433.60
687.70
449.80
182.50
449.50
221.30
107.70
257.80
508.10
833.20
513.60
3.00
454.40
620.00
238.90
438.20
215.80
464.00
896.00
244.20
522.40
690.20
65.60
853.20
11.40
687.50
487.80
135.60
316.30
313.30
541.50
676.40
394.10
63.90
123.90
900.00
902.50
97.80
279.00
252.30
864.70
80.90
536.00
261.10
291.10
655.60
976.90
896.50
640.30
653.50
168.20
556.00
450.90
649.10
514.30
889.60
520.90
573.60
625.80
86.50
880.60
588.30
7.60
111.30
397.00
831.60
584.40
201.30
800.40
815.30
477.10
918.60
536.70
69.20
-15.20
547.70
508.40
676.90
555.60
594.10
180.10
585.80
310.50
343.70
470.80
86.80
318.60
481.00
182.70
859.20
395.50
843.40
10.60
619.50
414.10
247.60
505.00
810.10
582.10
640.10
43.80
642.90
203.70
434.60
266.50
-58.30
394.80
512.80
11.60
-28.50
685.90
146.10
734.60
840.10
387.60
281.00
273.20
444.90
-42.10
-18.60
730.80
870.70
529.20
793.20
601.40
849.40
363.40
687.80
560.10
36.00
788.30
14.20
423.60
579.40
686.00
556.80
381.30
939.60
595.10
0.10
713.40
562.30
890.50
529.80
600.30
162.70
693.30
489.20
895.70
608.00
800.00
189.50
131.90
121.80
856.00
666.30
561.90
212.40
274.30
279.20
570.70
616.70
136.70
-32.10
156.20
453.90
458.60
613.30
684.80
773.40
664.50
967.50
257.60
480.80
135.60
276.80
907.70
808.70
789.10
30.30
754.50
405.90
552.40
19.20
385.20
605.00
209.80
599.00
477.90
197.30
206.20
446.60
147.70
662.70
715.30
813.90
386.60
164.80
402.80
867.40
396.50
439.00
818.60
847.40
326.80
595.40
563.40
859.70
622.40
835.20
116.70
508.80
600.50
292.00
178.10
525.00
704.10
347.90
444.10
370.30
689.20
180.20
910.80
704.20
941.10
50.40
294.30
745.20
737.10
-18.50
-38.90
223.00
266.60
435.20
206.70
800.20
364.10
400.90
531.20
499.30
230.90
618.70
670.40
7.50
489.80
117.10
405.10
827.20
500.00
240.90
135.60
549.40
867.70
725.80
558.50
-36.70
73.40
-31.10
830.60
395.60
406.00
131.40
343.10
942.60
645.90
107.10
456.30
259.20
228.70
458.90
147.30
592.30
5.80
140.10
101.30
518.00
896.00
689.60
835.90
904.70
94.50
30.80
679.70
790.00
811.90
923.70
532.90
608.80
17.30
678.10
645.10
-34.00
425.40
445.70
476.80
462.80
593.90
123.90
465.40
414.30
133.50
570.50
204.10
360.60
847.30
754.90
94.50
790.00
690.50
405.60
560.60
415.80
842.60
37.10
477.20
254.60
241.20
-14.80
493.50
86.10
330.10
620.40
152.00
320.40
407.50
284.20
451.20
-8.30
228.50
669.20
344.70
876.30
267.80
89.00
221.20
353.60
-0.50
184.90
478.60
793.00
708.80
73.00
181.20
722.70
90.00
757.30
604.80
849.50
340.10
331.10
801.80
531.60
559.90
111.20
949.90
446.80
25.70
883.00
238.00
611.90
324.10
613.10
116.60
318.40
513.60
383.50
331.10
-52.80
644.30
810.60
582.30
608.80
127.40
466.40
635.10
430.40
884.10
277.00
956.90
914.70
934.40
271.60
729.80
825.60
677.00
32.60
410.10
397.60
836.00
865.50
-41.70
585.60
183.70
432.70
208.30
559.50
270.90
550.80
634.90
251.20
4.60
687.00
591.50
767.00
556.70
171.40
314.40
778.80
678.20
886.70
971.20
234.20
615.10
128.40
562.40
202.60
459.50
-50.50
809.70
540.60
848.70
545.00
706.00
271.10
627.40
294.00
845.00
559.20
796.10
880.50
87.40
851.20
309.90
783.70
-58.20
735.50
169.10
61.50
342.20
958.30
927.70
-65.90
564.40
807.20
540.90
444.80
878.50
957.40
260.20
845.10
93.30
137.80
52.90
612.10
216.10
831.70
14.50
83.80
342.50
104.90
671.90
36.30
-23.80
11.00
525.50
774.20
556.00
741.40
827.30
512.60
209.70
314.60
778.00
423.60
45.10
859.40
487.50
76.60
197.70
735.20
731.90
826.00
53.30
858.90
613.20
181.00
670.60
450.00
141.00
263.40
626.80
823.40
364.60
310.00
580.20
905.20
15.10
397.20
-50.90
301.10
122.40
509.10
64.00
368.20
353.30
960.00
846.70
544.30
350.30
-44.80
558.40
338.50
47.90
597.60
-12.60
432.10
471.10
175.10
256.00
332.90
202.10
92.30
911.60
426.70
942.20
409.50
9.30
308.80
198.30
707.70
-26.80
71.60
347.20
856.80
219.70
689.10
352.60
366.90
890.10
467.50
-40.50
627.80
599.40
105.80
623.00
210.20
511.70
757.90
352.60
452.80
638.90
717.40
288.70
394.90
69.90
872.40
640.80
-86.70
186.30
142.10
618.40
216.00
133.60
883.00
453.90
0.20
878.40
817.30
887.50
381.40
71.80
116.30
56.20
277.40
733.80
538.70
2.50
138.30
746.20
890.80
584.30
827.50
377.40
43.30
279.50
485.20
337.50
-19.80
139.30
862.40
398.80
847.30
160.20
614.30
461.90
880.60
966.20
524.00
708.80
77.90
347.10
974.60
213.20
150.70
780.10
408.20
337.50
506.60
514.70
919.40
737.90
150.00
46.60
777.70
773.20
261.30
419.10
870.90
795.10
732.00
162.10
-15.40
880.90
7.50
498.90
313.80
317.80
93.50
912.30
377.60
447.60
4.30
732.40
372.80
-53.70
10.50
894.50
16.90
659.30
588.80
704.00
797.10
143.70
614.10
526.70
507.60
608.70
841.30
719.10
105.90
270.80
352.60
445.20
382.30
864.10
858.30
156.20
469.50
476.80
880.00
739.90
349.20
641.40
40.10
-46.10
43.60
326.40
294.20
206.70
46.70
324.90
455.80
909.40
84.60
252.50
624.50
623.00
561.60
372.10
527.30
14.20
565.00
278.40
110.00
321.70
594.60
-5.60
680.70
906.40
4.80
908.10
622.00
455.10
878.70
615.00
839.70
546.80
125.60
292.40
495.30
512.60
87.40
650.80
499.40
687.60
302.20
865.60
235.50
658.60
788.20
482.40
352.10
723.90
35.00
721.60
614.50
683.40
161.00
246.60
96.70
325.50
122.90
179.30
114.00
496.00
752.50
249.90
739.30
499.90
110.50
368.70
245.30
765.10
72.30
24.00
392.00
332.40
731.90
117.90
557.60
51.70
811.70
380.30
880.10
576.20
991.60
604.60
823.50
733.90
419.60
112.40
47.90
289.60
285.90
59.90
280.80
231.30
466.50
434.00
147.70
679.20
737.50
695.10
36.80
114.40
599.10
799.10
686.70
324.50
880.40
557.10
901.40
393.30
687.50
794.70
427.90
-2.70
835.10
140.80
119.10
703.60
317.80
801.70
187.10
327.50
87.80
68.90
38.90
313.10
317.00
18.80
623.20
896.50
772.50
-5.10
391.40
935.80
11.00
485.90
177.20
165.60
866.80
856.70
174.60
145.90
830.90
313.70
378.90
739.30
-29.30
481.60
-2.40
433.50
171.40
569.30
501.20
337.40
161.20
200.90
424.10
765.30
311.80
435.10
729.00
609.80
156.90
876.10
571.70
325.50
388.00
387.70
235.10
226.80
606.30
156.10
788.50
944.40
499.40
-22.90
282.00
74.30
-0.40
329.40
322.60
586.80
766.30
834.80
29.80
772.20
131.00
52.50
886.80
449.90
492.50
790.50
878.80
61.80
357.50
524.90
847.80
244.90
315.00
889.20
737.60
933.60
818.30
20.90
883.90
-23.40
117.20
-38.90
467.20
521.50
506.30
221.60
800.10
757.00
317.50
336.30
483.20
475.00
606.70
107.90
842.10
316.90
556.00
494.60
262.10
841.70
622.30
673.30
-4.20
535.50
39.10
516.00
-20.60
588.70
563.30
-47.60
352.80
160.80
627.90
284.20
49.30
-27.90
935.90
170.30
503.40
112.10
772.10
701.30
558.00
899.70
489.10
373.30
82.30
301.00
8.40
-70.70
-80.30
729.00
847.70
220.70
22.90
949.40
836.50
508.20
928.00
863.00
768.60
518.30
700.90
477.10
683.90
886.80
844.80
812.20
695.20
-58.70
773.60
888.20
237.40
335.00
75.20
820.50
56.50
457.00
402.40
-57.50
879.70
219.10
910.00
622.90
766.70
831.90
223.60
206.00
47.60
260.20
632.80
13.50
-68.20
87.00
128.20
123.30
183.30
-55.60
250.00
546.90
671.00
9.60
884.70
384.40
16.80
198.80
317.80
146.40
188.30
141.20
825.60
-54.80
779.50
732.60
932.90
379.20
339.00
305.20
349.70
721.90
87.10
651.80
294.20
742.40
359.50
125.00
599.50
853.60
673.60
220.10
235.70
-41.60
907.00
293.50
110.10
471.90
148.50
795.80
928.40
163.40
231.70
33.00
304.00
282.30
-8.70
485.00
288.70
611.70
114.20
704.50
-3.40
805.00
-35.50
235.80
82.70
90.00
633.80
133.90
392.00
479.20
334.40
34.90
329.50
211.90
157.10
597.90
-46.30
327.50
315.70
624.60
294.80
758.20
250.60
907.00
394.90
432.30
790.80
176.20
598.00
307.60
247.80
862.20
230.70
641.00
510.20
115.60
0.80
812.90
5.30
293.90
393.50
675.40
690.80
159.60
549.50
156.50
828.10
568.60
372.40
100.80
781.70
917.10
179.70
828.30
391.30
380.00
592.30
602.50
385.80
722.50
361.60
211.50
736.40
276.10
-24.20
2.90
526.70
255.20
286.10
35.80
671.30
491.70
35.60
564.30
455.60
784.10
190.40
206.10
598.00
953.10
748.00
23.10
-44.20
575.00
670.10
926.50
965.10
480.60
378.60
929.70
926.70
746.10
870.10
24.30
859.60
257.90
864.10
766.50
610.60
533.70
740.00
584.40
369.70
799.80
538.60
-77.70
441.40
726.80
455.00
226.30
719.30
805.00
400.30
911.10
459.90
829.30
40.30
497.00
764.30
305.80
856.50
752.10
599.00
162.20
543.80
770.20
507.80
370.00
79.50
880.50
152.50
835.90
786.60
407.70
429.40
215.80
1.30
304.30
896.40
237.90
717.20
188.10
945.90
311.50
-36.40
273.50
442.00
914.60
787.30
290.50
75.60
149.00
20.90
52.20
591.80
362.90
161.60
234.50
67.00
587.90
452.40
21.80
295.70
880.30
397.00
353.50
178.10
529.70
389.60
877.10
709.40
360.80
17.00
252.40
607.80
832.90
164.50
905.90
195.70
730.80
132.70
184.30
45.70
695.30
597.20
401.40
407.30
593.50
201.00
899.80
402.20
390.50
377.40
163.40
503.70
868.50
564.40
655.30
836.10
810.60
3.40
348.10
540.20
-63.70
627.20
514.50
559.80
19.70
638.10
851.90
789.50
798.80
704.30
631.20
786.60
286.10
446.20
858.40
746.30
456.00
894.60
930.70
719.50
63.20
427.60
157.80
45.10
694.70
721.20
830.00
862.10
81.60
270.70
240.10
556.90
60.20
804.30
925.60
722.40
75.00
527.70
678.80
132.60
139.20
312.70
736.30
519.60
760.50
913.40
17.30
105.70
555.70
877.00
49.80
834.90
138.00
377.10
877.20
207.50
966.90
683.70
135.40
886.30
-0.50
38.10
830.90
706.10
720.60
936.60
557.70
236.70
36.60
235.60
222.60
62.30
609.80
174.70
690.60
202.70
102.80
396.70
530.10
301.40
849.00
513.70
770.50
437.50
747.00
292.30
307.00
102.20
688.50
597.80
419.30
959.50
-23.50
415.00
839.10
78.00
201.70
872.80
439.30
145.50
438.50
28.90
386.40
282.90
765.80
690.00
314.50
313.30
718.20
85.50
-13.20
407.80
303.50
405.50
336.40
700.70
265.10
-26.50
234.70
659.70
877.10
580.90
474.50
686.60
745.10
710.90
722.80
362.90
232.60
262.80
29.10
103.60
600.30
234.30
571.30
275.60
649.40
944.60
323.30
608.30
615.10
631.80
558.90
524.10
255.90
74.90
545.40
936.10
135.90
176.50
498.40
504.70
426.20
742.20
491.50
429.40
307.80
221.90
800.20
466.50
737.20
0.30
736.50
618.70
367.30
862.70
111.50
481.60
96.00
756.70
662.70
433.20
44.50
590.90
651.90
910.20
833.10
842.40
857.70
182.90
580.00
-47.10
829.50
566.90
-25.80
243.40
184.40
397.20
521.40
841.00
-40.70
621.00
339.70
513.20
-9.30
367.90
443.80
448.70
619.80
903.30
635.80
2.40
374.20
898.20
268.90
125.70
435.40
766.50
755.40
22.80
160.60
678.30
139.90
450.70
477.40
734.00
726.90
-36.20
325.50
159.70
365.10
71.90
233.60
684.50
328.30
787.50
881.60
479.60
955.00
359.30
810.80
390.60
337.10
445.40
820.20
-25.80
283.20
451.80
961.60
887.70
452.90
402.50
299.70
255.30
859.60
647.10
742.40
409.50
544.80
628.20
404.40
12.90
5.40
883.50
489.00
293.90
223.90
512.90
341.50
855.00
707.60
798.00
217.80
62.40
388.40
-6.70
344.70
101.60
715.00
537.70
577.40
501.30
289.90
647.40
362.20
332.80
357.20
347.10
148.80
178.20
331.20
395.60
705.10
441.80
235.00
163.00
834.90
872.40
821.70
267.20
352.60
878.60
360.00
130.90
254.50
319.20
610.70
765.80
776.50
-3.40
551.20
257.40
819.70
431.30
439.50
703.70
728.50
1.20
654.60
202.60
107.80
-59.20
894.10
278.90
869.70
740.30
842.10
652.00
137.60
111.40
264.10
17.40
220.90
918.70
780.20
405.40
856.90
922.80
648.60
128.80
483.70
146.20
-36.70
656.10
472.50
203.10
11.90
470.20
542.40
852.00
393.30
377.00
725.00
451.90
4.60
660.40
85.00
249.10
214.30
-16.60
661.30
-55.10
391.50
472.20
686.70
512.50
984.70
166.90
468.90
212.20
247.20
287.70
549.40
829.00
192.50
485.10
896.80
959.30
868.20
92.50
570.70
592.10
951.00
588.10
797.70
611.10
912.60
252.50
806.70
430.80
923.10
735.60
194.80
267.80
688.50
3.70
363.90
616.40
780.20
572.50
695.60
-41.10
927.00
884.70
294.40
436.80
588.00
580.30
515.30
817.30
562.60
624.40
83.30
922.90
204.40
908.00
231.00
150.70
79.50
614.80
506.30
577.60
234.00
827.00
793.90
245.20
400.30
971.30
486.10
895.70
-12.60
956.40
235.20
545.90
377.00
888.40
750.10
13.10
192.90
257.10
582.40
110.30
78.30
701.90
742.20
702.80
15.80
901.40
614.40
48.20
62.90
227.60
640.20
364.80
948.60
511.60
300.40
724.70
364.60
460.30
866.10
613.70
770.30
499.30
814.90
666.70
273.80
-21.90
436.20
57.70
911.80
943.50
87.60
655.50
-37.40
479.30
718.10
13.60
287.20
-82.10
7.40
834.00
-5.80
881.60
857.60
820.40
-29.70
32.40
-19.30
508.20
46.40
620.50
921.00
1.80
-2.10
590.10
756.40
614.20
98.50
399.90
-72.00
-59.80
894.50
721.80
647.40
-6.20
105.60
155.80
210.20
202.80
602.00
88.00
638.90
889.10
321.10
258.20
360.60
364.40
363.60
435.40
488.90
830.70
964.60
800.50
182.10
503.00
374.00
796.20
17.10
351.00
735.60
549.60
55.10
826.30
405.60
715.10
-55.00
143.50
209.30
145.10
719.10
174.90
116.70
141.30
696.80
331.40
638.10
593.80
388.70
641.20
307.80
739.30
69.40
287.20
583.30
-57.80
705.40
781.20
279.30
787.80
89.20
224.10
665.30
724.70
308.00
706.90
206.10
620.60
873.20
677.60
111.10
0.70
245.80
379.50
695.30
371.20
719.90
576.00
62.00
690.90
783.90
18.60
359.70
421.30
609.20
62.10
508.10
903.70
148.30
334.10
295.50
509.60
430.30
-4.90
849.80
398.90
755.30
25.60
25.40
227.30
138.40
251.30
558.30
599.40
390.30
104.10
-41.90
731.30
126.90
839.90
163.90
452.10
733.00
577.80
566.50
532.90
428.40
108.00
118.40
579.60
900.70
339.50
29.20
663.30
937.80
956.70
616.60
794.00
524.40
495.70
803.80
52.50
585.80
459.70
627.60
599.60
252.40
768.40
792.80
128.20
658.80
712.80
493.70
-85.30
436.60
870.10
49.90
88.50
27.50
378.10
786.70
32.90
190.90
804.40
291.30
71.50
908.70
794.80
539.80
329.00
841.00
329.60
168.30
213.50
491.20
421.10
524.60
365.20
177.80
361.00
284.80
780.30
889.40
139.10
189.60
412.40
31.60
357.20
779.40
460.60
595.70
700.70
641.10
546.20
505.10
882.30
355.60
504.40
273.30
365.20
486.80
178.30
5.40
103.50
317.20
389.00
132.60
222.30
350.00
709.30
809.90
244.30
857.30
971.50
102.40
729.60
614.80
705.20
286.70
357.50
598.40
783.30
152.90
51.40
646.40
458.70
249.30
117.30
980.30
651.50
480.40
842.20
-21.00
938.60
-86.70
552.30
897.90
774.90
370.90
925.90
128.80
222.10
874.00
664.10
519.20
53.80
198.90
836.40
527.10
-3.70
794.40
76.40
475.20
87.50
707.60
391.30
845.00
51.80
481.40
251.20
502.50
833.70
153.30
920.30
93.50
940.60
306.90
690.30
754.40
783.50
181.40
183.60
243.40
743.60
12.70
244.70
255.80
668.20
102.50
508.40
756.60
687.40
325.10
220.40
400.80
861.10
173.00
765.20
133.10
412.00
344.10
735.80
49.10
68.80
-29.10
347.70
863.60
262.50
453.40
58.80
147.30
55.70
9.70
758.50
262.50
534.00
725.00
481.80
745.10
652.80
56.00
352.00
615.40
161.60
882.00
840.90
585.20
913.00
867.30
933.10
475.20
743.50
642.20
792.60
577.80
676.60
270.40
307.40
179.90
519.40
414.60
606.30
614.40
825.10
402.80
159.20
618.80
867.20
904.70
156.00
-49.90
183.70
257.50
700.60
502.70
331.10
-20.80
742.20
498.10
345.00
246.50
170.70
122.80
595.70
594.10
352.90
171.90
114.60
383.80
924.90
772.60
100.40
888.60
541.10
776.30
544.20
-19.20
359.50
726.90
436.50
158.00
425.80
617.30
-23.10
25.70
497.50
243.20
-59.70
208.30
932.00
398.00
730.40
852.90
83.90
784.20
762.90
2.50
448.10
-42.30
518.20
-28.60
30.20
463.60
209.90
504.30
756.30
626.90
604.00
467.60
822.50
347.60
673.00
557.30
616.70
331.40
285.10
207.40
687.60
265.30
284.70
-15.80
161.50
225.50
868.50
66.80
540.60
67.20
840.40
553.90
-0.50
203.30
522.60
389.00
125.00
355.90
361.10
596.90
407.70
354.00
510.10
-74.80
443.40
126.30
219.70
754.10
832.70
455.60
227.10
681.40
748.20
183.80
133.00
665.60
434.30
930.60
124.90
538.40
808.80
457.80
623.60
531.50
446.50
803.70
783.60
25.80
117.20
602.20
527.40
591.20
-39.60
159.10
784.80
712.40
477.30
342.40
377.60
672.60
630.60
568.30
808.10
-13.40
811.00
961.90
732.40
611.30
217.90
422.40
654.00
614.80
758.30
97.70
893.90
651.00
56.10
617.40
369.40
685.80
676.10
601.00
661.70
314.50
283.80
664.10
517.20
846.30
120.50
132.70
637.00
914.50
-39.20
445.40
891.50
541.70
733.30
248.80
108.70
369.10
34.60
881.00
675.90
747.40
224.10
115.90
336.80
376.20
491.80
359.80
804.60
305.40
365.00
243.70
736.50
26.70
733.10
427.80
260.70
-83.10
744.80
919.30
397.10
223.80
172.20
-71.10
651.50
652.70
-67.40
392.10
608.00
495.70
95.80
-58.80
267.40
948.20
251.70
522.50
533.20
288.70
298.10
323.30
-20.10
459.20
29.20
772.50
118.60
848.60
33.20
358.60
612.10
854.90
359.80
765.00
435.60
789.30
476.70
-36.80
161.10
762.30
723.50
931.10
232.00
29.60
-7.70
904.20
439.70
126.60
-67.60
267.20
680.10
162.00
959.20
302.00
651.00
75.70
777.90
177.70
51.90
343.50
715.80
-14.10
585.90
-25.40
539.20
892.20
-27.00
377.00
323.90
289.10
317.00
177.70
679.50
61.00
251.10
762.20
122.10
303.70
468.40
915.60
-19.20
461.20
969.00
278.80
106.10
-2.20
554.10
-33.30
812.40
957.80
116.90
399.40
660.50
38.60
17.80
568.80
812.30
46.80
547.30
234.70
717.10
939.00
445.60
885.30
735.00
297.70
202.90
898.90
744.90
551.80
551.70
913.60
255.00
110.30
299.10
70.90
884.70
793.50
855.60
855.50
117.80
66.60
636.40
223.30
399.80
277.20
169.80
-1.50
800.30
153.30
565.50
971.60
260.20
642.70
368.70
187.20
479.80
914.40
567.50
83.70
280.00
272.50
98.00
419.50
932.80
146.30
471.20
583.90
178.70
368.60
34.40
190.00
685.70
607.10
106.20
36.10
450.10
454.90
601.10
223.40
675.20
571.50
596.50
656.00
755.60
47.90
-53.40
606.90
956.00
425.90
700.80
654.90
833.90
600.00
786.80
288.10
850.00
497.10
537.00
905.10
365.10
-24.30
849.30
669.40
602.10
500.00
391.90
912.90
705.20
309.80
237.60
890.80
822.10
447.00
93.90
487.50
-38.30
148.90
643.00
15.60
884.50
5.20
410.20
793.60
289.00
468.00
257.70
796.00
844.40
782.80
402.40
816.80
919.70
37.00
112.00
29.70
813.10
499.00
245.40
207.60
582.30
517.40
227.80
697.50
929.50
149.30
670.20
199.20
650.40
689.50
88.30
190.90
276.50
676.90
572.10
424.30
565.10
956.60
467.80
100.90
215.20
291.50
452.10
890.00
406.00
113.70
680.40
961.30
914.30
449.10
942.20
917.60
483.20
559.70
166.70
623.70
746.00
926.70
371.30
659.90
426.10
744.30
674.00
311.70
597.60
-27.60
658.80
650.40
475.90
720.80
370.70
406.50
599.00
439.80
310.40
478.90
290.10
553.60
165.30
613.90
542.80
330.10
901.30
473.50
647.30
777.10
177.50
40.90
-18.80
246.20
359.50
623.80
268.40
926.00
387.80
-52.10
170.30
149.20
803.00
142.10
120.80
196.80
463.70
616.40
31.90
80.70
463.60
507.60
57.80
682.70
957.50
94.60
758.70
503.50
320.20
639.70
14.30
89.60
211.30
821.60
152.60
-0.30
440.50
15.10
835.70
152.20
126.40
47.50
72.10
760.10
911.10
925.30
79.30
863.10
847.30
750.50
592.50
479.10
72.20
151.00
384.90
-71.50
-18.50
698.50
813.70
73.40
672.70
102.90
3.20
656.70
137.20
-19.80
226.10
90.00
443.80
410.60
78.00
277.20
728.70
805.70
88.60
-35.50
885.70
571.00
373.50
720.00
330.80
708.60
905.90
252.20
474.20
104.90
502.90
180.20
550.40
149.20
456.70
70.40
48.40
714.20
405.20
164.50
928.60
53.10
618.30
919.70
846.90
810.10
420.50
134.10
736.00
466.10
90.40
853.90
560.10
921.50
-4.60
190.50
578.90
234.10
275.10
-24.50
212.30
-49.10
388.30
812.60
607.00
311.90
301.00
-38.50
230.30
685.60
654.60
418.30
276.70
903.00
679.60
624.50
87.00
805.70
820.90
553.10
853.30
534.10
683.60
560.80
216.80
-15.10
631.00
788.60
400.50
-53.20
412.70
235.30
642.90
339.30
893.30
460.60
446.10
259.50
920.80
558.60
337.80
357.30
984.50
770.30
287.20
889.10
-21.10
684.90
570.90
330.40
5.60
366.20
444.30
416.50
125.10
-2.00
481.40
10.20
251.00
711.90
484.60
456.50
385.60
438.20
116.80
567.20
72.10
883.70
165.00
245.60
718.40
237.00
713.90
871.20
909.10
381.90
695.80
71.90
429.70
158.90
-10.10
392.70
855.30
273.50
-37.40
246.50
690.10
293.80
233.30
39.60
874.50
723.20
330.10
743.00
54.90
160.60
628.90
616.00
256.20
330.30
491.20
505.30
601.10
888.10
734.10
258.20
247.50
483.00
718.10
123.10
808.80
881.10
388.00
528.80
797.60
370.10
199.80
515.40
736.30
543.90
508.80
35.40
52.70
127.70
478.70
857.80
342.10
554.80
288.30
526.50
843.70
715.90
165.90
667.00
640.30
777.30
949.40
785.50
615.10
457.40
213.80
155.90
211.40
44.70
820.30
494.50
880.10
478.40
356.20
689.50
428.30
805.70
511.60
676.90
969.00
408.80
40.80
824.70
462.60
794.40
606.60
282.00
288.40
211.70
117.50
505.50
151.00
312.50
325.30
535.00
755.10
78.60
856.90
121.70
356.60
129.10
355.10
235.60
870.00
207.20
147.70
407.60
442.30
855.20
544.10
268.30
328.70
-34.60
70.80
540.40
4.80
97.60
625.70
309.60
474.90
64.10
88.10
524.80
462.70
351.40
536.60
184.90
903.40
-59.60
769.40
468.30
908.80
414.50
513.00
615.10
408.50
610.80
490.30
146.00
636.00
705.40
573.90
379.00
460.80
544.40
756.80
138.70
185.10
131.00
617.60
103.50
681.10
166.30
958.90
193.30
764.40
-37.80
601.90
177.20
125.50
418.80
570.60
556.70
407.50
903.80
794.80
295.00
252.80
299.20
128.90
308.30
928.10
107.00
541.30
212.10
561.00
-98.00
462.80
385.20
824.80
780.20
931.90
-14.10
249.90
634.10
131.60
569.00
177.70
774.30
375.20
141.50
923.30
-12.80
615.60
578.90
794.60
365.60
-77.00
437.20
205.40
325.60
389.00
594.90
85.60
43.70
655.80
339.20
859.40
681.90
244.80
721.40
652.20
428.20
639.50
12.90
-0.90
770.30
674.10
872.80
303.20
267.60
674.90
77.40
796.50
538.60
700.60
585.90
379.70
413.50
95.00
332.30
-28.90
322.00
168.20
521.50
542.50
477.10
179.00
61.30
214.90
-53.50
310.40
626.40
74.90
216.70
114.30
491.40
272.50
279.80
474.90
931.90
81.10
351.00
145.00
336.50
679.60
257.60
308.80
847.40
543.40
204.20
771.80
828.40
352.20
529.60
428.90
584.20
874.00
76.30
890.30
291.60
679.40
367.40
493.80
443.70
822.00
657.10
428.30
830.00
656.80
467.60
238.10
113.40
416.80
482.30
90.00
917.30
-25.50
-13.10
63.30
901.70
264.30
143.60
493.40
265.50
131.50
37.40
687.90
60.00
346.90
115.40
259.00
736.50
881.00
649.70
358.60
959.30
738.20
429.70
822.30
797.50
750.10
578.30
596.20
486.40
569.00
82.10
31.90
94.20
379.80
65.50
259.20
587.60
559.80
877.10
149.20
113.20
288.60
542.70
298.10
242.30
71.20
132.70
878.00
254.40
949.40
948.50
-6.90
262.40
-8.40
739.20
652.70
3.40
651.00
475.00
795.10
285.10
720.70
349.50
-63.80
252.80
376.00
130.90
212.90
695.90
127.10
937.50
508.20
60.70
-60.50
345.40
921.80
562.20
459.00
299.90
480.10
200.20
278.80
688.60
549.70
495.20
242.90
341.80
8.10
607.20
167.30
203.40
850.80
167.10
556.60
451.00
606.70
127.60
818.10
758.60
458.20
702.90
628.20
231.30
523.10
-80.20
599.80
630.10
143.00
469.40
862.30
134.30
728.70
92.70
463.80
537.40
-36.10
437.00
845.00
848.90
245.70
859.90
908.90
36.50
416.90
902.10
446.40
563.60
934.00
180.10
107.70
577.00
635.60
607.30
704.00
948.60
462.70
889.30
625.10
952.20
270.60
472.90
561.10
137.70
899.30
187.60
823.70
740.20
821.30
-48.30
348.90
690.20
606.60
555.90
350.70
810.00
717.10
45.90
516.70
767.10
901.10
707.90
277.50
471.30
616.00
272.10
451.20
846.60
49.50
139.10
755.50
188.40
11.00
557.30
8.30
619.40
42.00
79.60
585.30
786.70
808.80
327.10
876.30
273.70
-15.20
-66.30
791.30
828.10
765.30
67.50
541.70
37.40
963.40
610.40
707.00
-52.30
147.80
-20.70
923.60
607.40
380.80
154.40
881.40
47.50
857.60
385.70
383.00
828.20
295.20
46.70
278.50
587.30
637.30
539.70
220.20
275.40
263.10
924.40
884.90
204.20
119.30
134.90
823.70
817.90
359.90
339.30
810.40
90.30
912.20
21.80
349.20
87.40
281.80
250.70
496.30
792.60
464.10
120.60
-38.60
356.40
667.30
716.50
286.40
-64.40
860.90
379.50
770.70
2.10
58.00
509.40
39.80
166.50
888.90
72.70
447.90
31.70
-65.90
769.90
483.60
72.40
789.80
783.80
805.50
45.40
18.70
459.20
815.00
848.00
524.00
226.20
275.10
523.00
498.60
212.70
881.80
774.90
221.10
-46.10
663.20
293.60
732.80
-26.70
86.10
240.60
510.60
872.30
182.50
167.70
173.00
399.80
497.20
266.40
544.60
25.00
673.20
126.90
146.00
557.30
361.90
452.70
-18.40
119.00
524.40
30.00
589.80
617.20
649.70
306.70
496.40
495.50
775.90
682.30
802.10
186.60
45.60
40.70
472.80
278.40
800.70
846.50
282.90
315.50
184.00
814.40
255.00
314.30
440.70
458.80
131.60
283.60
631.40
29.90
907.90
230.40
197.20
785.40
411.30
412.00
785.00
188.80
229.40
483.70
491.40
386.70
172.90
447.40
617.30
316.50
625.60
3.80
352.90
713.10
116.00
572.00
645.40
932.70
892.80
90.90
692.20
329.50
597.10
377.30
-30.50
743.70
710.10
599.40
181.50
538.40
610.50
865.50
593.40
598.40
-4.20
237.50
900.10
871.80
126.70
713.90
496.70
481.80
333.30
229.40
-1.70
689.00
406.70
131.90
804.80
639.30
252.70
415.80
-29.40
979.20
641.70
931.00
537.40
70.00
874.00
68.70
113.50
458.80
503.10
792.60
936.50
526.20
406.90
878.00
947.40
120.50
158.80
694.90
226.70
263.60
132.30
944.50
909.40
118.30
782.80
926.40
795.80
485.00
335.00
192.50
394.20
-61.10
288.60
576.00
524.80
318.40
160.90
753.20
319.90
111.10
276.40
28.90
533.70
695.30
580.30
50.60
569.40
388.10
87.80
883.10
-15.70
174.60
155.80
286.30
613.00
789.60
774.10
396.90
941.30
511.40
213.90
425.50
225.20
936.80
714.70
4.50
381.30
742.50
545.30
30.70
191.60
797.70
-63.20
866.60
267.10
217.70
563.20
907.30
767.90
125.00
539.80
297.20
654.10
887.70
96.30
522.80
101.60
147.90
437.40
66.00
484.90
833.20
349.70
720.40
537.40
906.30
278.30
71.40
132.40
828.60
300.00
-36.60
918.20
157.30
874.10
-13.10
365.70
250.40
529.40
581.60
312.90
306.60
518.20
709.80
181.90
763.10
475.70
864.00
483.50
14.80
209.20
148.80
286.40
849.30
878.20
458.40
740.30
585.30
487.30
930.50
492.80
777.90
300.30
424.40
831.20
53.70
614.20
129.20
257.30
372.30
878.60
-37.40
448.90
841.40
200.40
370.50
674.90
757.10
185.60
279.80
835.90
-65.90
556.30
857.30
588.30
652.20
69.00
934.20
5.90
619.20
34.10
673.60
-0.10
875.50
638.80
598.20
52.80
597.70
671.20
580.90
93.90
862.70
631.10
881.30
-8.60
525.50
-45.30
185.80
263.30
132.10
105.00
895.70
36.00
926.80
698.40
867.70
459.30
562.10
263.80
638.90
242.90
768.00
93.50
88.90
567.30
907.30
470.10
-75.00
581.00
411.80
292.30
213.70
813.50
332.00
807.20
536.00
563.80
778.90
43.20
527.60
801.70
534.50
-21.40
756.40
285.10
237.50
-66.50
62.70
32.20
617.20
739.10
224.50
717.20
43.00
565.60
833.00
176.80
519.80
656.70
636.60
716.70
785.70
957.90
597.60
102.90
261.00
574.70
906.20
667.00
397.60
438.80
300.50
466.00
733.40
631.30
121.50
923.60
679.30
865.80
211.80
631.70
70.60
292.90
616.00
77.40
202.30
796.00
827.90
98.50
651.70
326.10
95.60
792.00
325.50
459.50
192.30
878.40
237.80
418.80
-13.20
728.10
679.40
690.40
425.10
109.90
225.70
-37.50
778.40
665.50
649.50
708.50
641.60
399.60
182.90
839.60
364.30
933.10
771.10
951.00
7.50
436.50
259.50
474.80
874.00
338.90
695.60
533.80
465.30
111.50
255.10
172.60
813.10
148.10
155.20
694.70
103.90
631.60
368.10
433.60
551.60
749.00
347.50
635.20
328.30
174.30
514.80
313.90
470.30
902.80
631.60
709.30
804.80
926.00
75.10
254.60
279.60
324.40
485.60
328.00
745.00
432.40
279.50
222.10
40.40
515.40
486.90
176.60
279.80
271.30
144.80
74.90
736.30
938.90
730.70
375.50
616.80
187.70
555.30
755.50
562.80
671.00
563.10
537.90
621.50
315.70
872.70
681.50
189.30
645.30
123.90
76.70
454.40
223.90
388.20
601.20
120.70
246.40
127.60
699.90
66.20
74.50
711.40
966.60
83.20
756.80
53.00
794.10
845.40
773.30
106.80
813.00
413.20
67.70
510.30
144.80
424.80
233.10
418.10
578.90
784.90
706.00
429.20
685.20
151.80
37.30
339.90
518.70
600.30
653.60
561.90
177.50
759.10
925.30
206.70
111.90
121.70
98.40
658.10
865.20
-20.30
832.00
89.10
579.20
516.20
847.30
-10.80
666.90
25.10
558.00
120.00
114.30
742.20
856.30
527.00
178.40
430.90
724.00
468.10
-15.20
84.60
206.10
290.20
110.40
876.80
745.10
601.60
77.00
749.70
914.70
390.20
519.80
119.00
789.70
-36.80
958.80
7.80
735.70
122.10
624.80
266.80
25.60
99.90
576.20
901.10
355.10
410.90
244.30
294.30
289.30
251.20
586.90
877.30
415.50
795.00
619.20
25.20
588.50
89.20
87.70
348.30
408.00
483.50
189.20
847.30
431.50
658.50
744.10
436.70
111.00
246.80
829.10
674.50
353.70
312.40
593.40
479.30
832.80
876.20
212.70
413.00
430.10
147.70
111.40
332.40
630.10
-3.50
3.80
753.70
663.40
661.10
619.80
631.00
717.60
70.30
26.70
830.80
282.50
660.10
317.30
187.40
823.40
388.10
338.20
502.20
222.80
954.30
603.80
885.80
265.80
505.80
660.70
-11.50
415.20
767.20
858.90
457.30
739.50
958.40
100.30
667.10
668.30
411.20
412.80
33.10
450.90
539.10
15.30
443.90
835.50
818.20
782.40
862.40
759.30
159.50
827.10
96.60
922.60
723.90
184.80
128.40
77.60
504.90
615.20
901.80
756.80
79.90
816.70
252.70
402.70
400.00
36.10
307.90
-11.40
542.70
473.60
399.30
386.90
810.90
788.50
72.40
39.80
718.30
778.70
311.80
236.20
661.70
752.00
534.10
415.50
144.40
907.20
155.80
500.90
-31.30
246.60
201.70
621.60
306.70
504.20
761.70
666.30
971.70
864.50
312.00
400.40
806.00
619.20
442.40
187.10
21.50
98.40
914.70
357.40
498.40
-4.50
61.50
396.80
387.70
724.80
671.00
14.20
565.50
346.20
821.70
166.10
488.00
399.30
789.60
577.50
194.70
775.50
716.40
797.50
676.10
844.10
988.00
826.30
-0.80
161.40
289.70
267.70
301.60
-11.60
736.30
297.70
254.70
207.60
260.60
812.90
228.70
767.80
220.90
223.00
532.70
896.60
845.50
52.60
27.90
422.40
281.70
759.90
933.90
854.70
129.00
488.10
603.40
478.70
-70.70
505.30
356.20
544.50
961.90
912.70
62.90
418.30
199.80
840.80
18.80
251.50
748.90
806.90
776.60
935.80
946.80
812.90
722.00
387.60
356.60
604.10
435.50
263.00
858.60
120.20
147.10
146.60
396.10
519.00
287.10
601.40
152.80
150.10
629.70
125.80
972.60
47.50
158.40
-55.10
-30.40
441.00
327.50
597.20
627.60
439.70
132.10
527.40
819.30
619.10
352.60
104.10
158.90
107.90
527.60
168.30
655.00
110.60
814.40
520.00
150.50
-8.00
745.70
667.70
787.00
-22.40
383.70
107.90
134.60
410.70
891.90
728.90
700.40
644.50
366.40
493.90
238.40
441.60
633.90
802.30
360.00
623.40
100.40
676.50
74.10
117.60
554.70
85.70
186.70
214.00
356.70
295.10
602.50
197.30
22.50
976.80
272.50
142.40
396.00
657.80
683.00
962.90
194.10
405.00
166.50
86.20
230.40
433.70
693.40
408.60
657.70
290.70
700.70
119.10
621.70
366.40
798.40
658.00
309.60
339.70
701.60
804.30
321.20
648.40
341.20
470.00
166.10
697.50
601.30
442.70
774.40
255.80
531.80
954.00
708.70
9.80
152.70
565.70
215.10
743.70
256.60
27.10
442.80
48.70
356.70
319.10
46.70
445.90
284.40
82.00
586.50
568.10
725.40
31.40
654.90
568.20
63.20
411.80
320.70
826.20
804.50
32.00
542.00
936.10
170.20
211.80
103.10
123.20
171.20
540.00
516.20
762.50
83.80
814.60
-18.50
555.40
314.60
494.60
216.20
581.30
712.80
0.70
147.00
558.60
947.90
580.70
555.50
385.20
737.20
273.30
428.00
779.50
875.20
586.40
248.50
288.20
434.20
93.80
821.30
551.90
827.90
864.10
219.60
71.70
727.10
837.10
150.00
-34.00
474.10
4.70
621.50
788.60
683.70
434.10
117.70
819.70
297.70
733.40
3.10
142.40
626.00
530.20
282.00
817.60
430.80
437.30
330.90
292.20
692.20
552.10
705.40
723.50
153.70
784.60
653.10
240.80
-21.50
642.90
355.20
788.50
426.60
75.30
356.80
485.50
882.90
895.10
339.40
982.00
518.70
64.00
643.90
271.40
696.20
874.60
95.80
203.80
444.10
438.10
437.70
738.70
623.80
690.10
225.30
28.00
339.00
589.30
-22.70
473.70
808.50
786.70
829.70
126.80
4.70
732.60
323.10
578.40
658.90
370.90
682.40
540.50
304.60
370.30
767.70
451.70
292.20
419.30
182.10
94.50
221.60
795.90
160.30
383.50
796.30
614.00
301.00
438.80
410.50
-6.30
756.00
922.80
413.80
65.30
87.10
536.50
54.20
788.60
52.40
75.10
443.10
505.30
40.30
165.30
504.40
611.20
131.40
731.70
456.40
702.10
165.90
622.90
712.00
333.20
-7.10
807.30
-31.10
270.90
331.70
500.00
723.20
616.80
606.90
632.30
250.60
140.10
843.30
793.20
429.30
939.40
806.10
650.80
297.70
773.60
208.40
556.30
42.70
-7.60
912.10
227.70
300.00
244.20
96.40
124.70
679.10
158.20
706.20
254.20
353.50
792.40
305.90
769.70
629.50
481.80
169.70
409.10
337.70
632.00
121.80
219.30
800.80
664.20
854.00
-45.50
242.20
178.30
557.90
162.50
867.40
888.30
692.00
557.30
586.90
662.10
325.90
41.00
848.30
-84.50
747.10
-72.40
451.20
255.50
136.80
384.30
203.80
460.00
296.20
189.70
900.20
812.30
491.20
228.80
152.20
166.80
845.60
794.20
672.90
-60.80
404.60
775.90
-10.10
760.70
-42.10
139.50
450.70
120.90
464.00
64.20
517.30
321.00
521.30
161.70
-12.60
1.40
377.70
617.10
213.70
704.70
647.10
956.90
575.60
305.10
766.70
174.90
122.10
873.60
793.60
21.80
897.00
777.30
143.70
520.20
273.40
871.50
211.50
767.30
656.20
4.20
884.10
78.70
357.00
797.20
219.20
422.80
51.70
535.70
72.90
121.20
466.00
682.70
52.10
447.10
892.70
868.50
517.20
33.50
674.60
719.20
-6.60
-68.30
796.90
473.50
168.20
667.90
574.50
360.40
479.30
689.50
592.10
88.30
429.60
622.60
184.80
698.70
869.00
559.10
58.70
307.20
442.80
914.80
480.80
385.70
764.20
687.30
108.50
611.40
196.80
642.80
778.50
377.20
69.00
322.50
905.90
55.30
774.10
318.60
863.00
233.80
-41.90
385.10
769.10
865.80
94.90
570.60
50.30
700.50
219.30
416.10
795.90
152.40
168.60
673.10
242.90
824.50
352.80
471.90
309.90
398.50
968.30
954.90
733.80
549.10
182.70
642.70
439.50
312.80
499.70
520.50
352.50
695.30
462.90
563.00
883.80
86.90
77.40
591.90
750.20
364.90
838.00
849.90
623.80
667.70
35.60
593.70
427.50
66.50
737.80
212.90
553.00
924.40
621.00
247.90
584.90
171.70
43.30
258.00
-14.40
880.30
670.60
365.30
733.90
634.00
91.30
789.00
60.10
212.80
286.80
415.60
922.40
-40.80
730.00
394.80
742.30
112.00
724.10
18.10
147.50
478.60
181.00
84.50
875.40
776.30
412.90
-20.00
243.60
16.30
374.10
871.60
605.30
622.30
37.30
779.10
649.20
50.70
714.90
685.20
840.50
819.30
575.30
781.70
52.30
170.00
668.30
132.30
920.80
512.80
818.50
68.20
609.20
362.30
12.00
523.80
584.50
-72.30
570.80
659.20
631.90
772.50
783.00
236.20
885.10
516.10
328.60
206.90
771.70
-43.50
88.30
125.30
146.00
904.40
359.20
239.80
553.50
472.30
764.50
783.50
305.90
151.30
100.00
471.80
597.40
107.70
-17.40
299.10
639.00
731.30
893.80
86.40
196.50
48.10
578.60
515.40
196.10
139.70
493.90
575.70
278.50
655.30
524.90
864.50
877.20
583.60
284.00
92.80
523.70
219.60
580.70
18.50
463.90
391.90
689.90
426.40
401.10
736.10
85.80
338.20
765.00
39.50
764.00
18.20
858.60
819.10
140.70
560.80
893.90
646.00
835.70
900.40
556.40
932.20
758.00
-18.60
107.70
468.50
743.50
405.80
779.60
343.20
872.40
735.90
54.00
157.50
87.70
452.10
618.40
761.40
663.80
347.80
691.30
613.30
384.10
565.10
629.70
848.90
829.40
512.60
216.40
537.40
384.30
536.10
101.00
791.70
779.50
793.20
772.00
829.00
279.50
149.10
325.80
842.50
660.00
530.90
644.30
911.70
903.40
569.10
642.20
594.30
765.70
695.70
899.10
150.80
501.80
817.80
309.00
441.50
155.60
453.80
805.60
820.30
176.80
476.70
623.20
-14.90
742.40
479.40
856.20
433.10
544.90
106.20
570.10
624.50
-45.00
500.00
890.50
423.70
-30.60
583.60
275.70
467.40
-11.90
864.30
591.90
206.30
217.40
783.00
365.10
85.60
963.90
348.60
645.10
198.00
87.40
645.90
185.70
642.10
307.40
27.30
727.90
417.60
894.10
192.40
251.00
965.90
504.40
269.90
76.20
876.50
98.20
329.20
935.80
328.20
782.90
291.30
275.30
350.80
300.00
297.80
722.20
898.80
118.30
425.70
476.80
645.60
596.90
282.20
243.30
213.10
595.30
99.60
718.80
526.20
10.30
550.00
397.00
419.60
340.00
661.40
355.00
166.90
278.90
511.40
741.50
254.90
289.70
48.40
577.80
804.50
187.00
184.50
389.10
271.60
604.50
115.50
641.60
796.90
477.50
543.30
523.60
26.70
763.10
121.70
140.50
643.20
225.10
714.60
291.10
595.40
436.60
701.70
774.50
561.30
-59.30
352.10
793.00
525.90
13.50
806.40
401.50
807.30
80.30
719.00
33.60
396.60
99.10
367.80
213.50
749.10
536.10
729.20
228.70
487.80
434.50
19.60
934.00
122.10
167.90
439.10
27.70
936.30
369.20
468.10
581.40
101.80
166.40
270.30
311.10
151.70
607.50
-29.10
761.30
168.80
393.30
824.70
588.60
279.60
503.00
555.70
720.90
-39.90
652.80
323.70
930.20
181.40
744.00
364.00
520.60
622.10
579.90
570.10
512.30
927.80
695.80
406.60
118.80
848.20
907.70
493.90
633.20
423.20
910.10
185.40
676.30
661.70
18.00
446.40
646.30
500.60
457.30
221.30
693.90
481.80
222.80
906.10
673.90
324.60
625.20
794.50
124.20
57.80
526.00
961.00
710.00
146.00
843.90
205.70
781.90
670.80
455.30
745.70
826.70
307.20
596.50
548.80
757.00
-49.70
756.90
615.20
192.00
293.80
214.30
816.60
42.40
348.60
198.00
478.90
519.40
25.10
58.30
-55.00
340.50
396.20
880.00
638.10
-65.80
845.50
702.70
637.70
294.00
-91.10
-16.80
787.50
789.10
172.20
225.60
450.50
793.10
852.80
521.70
289.50
-59.70
-67.80
52.70
756.30
713.20
927.00
447.50
433.90
182.90
10.90
898.00
447.50
-40.50
474.00
216.00
328.70
-29.50
901.30
623.80
167.00
519.60
401.90
574.20
319.70
305.20
852.20
675.40
574.50
571.00
777.20
784.00
147.00
800.60
286.90
413.20
896.20
661.90
358.40
245.50
165.10
928.60
587.20
148.80
89.00
35.40
746.50
710.90
696.20
57.40
598.90
242.10
130.80
874.30
520.00
388.80
801.50
42.40
723.40
559.20
-20.90
832.90
343.60
666.80
586.00
541.90
225.10
617.30
705.50
582.60
133.40
640.80
527.20
342.60
260.70
953.10
588.90
311.40
564.30
125.50
621.90
290.00
637.60
54.70
707.20
38.90
78.30
864.10
444.90
528.20
611.80
-13.90
503.00
335.70
-22.70
430.20
329.70
663.20
387.70
851.60
605.80
430.00
418.50
737.60
190.70
403.60
359.30
134.50
416.00
74.60
326.30
280.00
800.40
494.50
348.80
881.20
319.70
501.70
293.00
610.10
545.60
639.90
128.00
128.70
228.40
875.30
580.30
552.50
522.10
522.50
716.80
-19.10
115.10
-25.90
800.40
142.80
372.00
371.60
179.00
473.30
365.30
369.30
546.30
950.90
803.50
69.90
407.50
351.50
213.50
177.70
181.70
336.00
657.60
598.30
149.00
838.80
536.10
645.70
47.80
224.90
-13.70
439.30
854.40
594.70
15.20
379.20
610.10
59.70
894.70
837.00
4.80
458.20
15.30
972.90
515.30
221.60
628.30
795.50
-9.60
536.80
657.80
356.10
904.20
699.10
876.80
886.90
876.90
44.20
220.60
492.90
428.90
562.50
-0.50
361.00
335.70
510.50
625.00
22.10
740.80
96.30
538.10
826.70
486.80
667.60
131.80
673.30
771.10
665.40
567.30
714.20
5.60
651.50
132.30
-73.50
486.30
430.90
691.00
550.30
-18.90
284.20
560.80
146.80
1.70
165.50
28.50
274.90
462.70
707.10
666.10
174.80
930.20
332.50
795.90
343.70
475.60
4.90
422.50
145.10
-87.10
561.00
748.70
-69.40
575.70
852.80
371.70
38.70
779.80
909.40
362.00
462.50
457.60
191.30
665.10
888.50
616.40
849.90
595.70
126.50
308.50
-8.90
198.10
575.40
482.40
686.30
191.30
157.50
232.60
425.80
320.30
589.90
298.90
182.90
721.10
594.30
739.70
-7.50
363.60
179.10
88.20
145.40
400.00
354.80
721.50
624.50
268.50
98.60
136.20
384.40
279.10
7.20
308.20
551.00
394.10
157.80
439.70
842.10
416.90
225.80
386.00
241.60
735.60
804.30
198.80
658.00
558.30
810.80
363.90
382.20
-31.60
164.40
649.70
494.60
111.60
716.10
407.50
322.90
610.30
-3.30
133.80
714.50
343.70
425.40
609.80
431.60
529.20
714.80
291.00
57.50
743.20
720.80
-35.40
853.90
-76.20
67.70
480.80
152.20
399.50
445.20
434.80
182.00
564.20
661.00
79.40
502.90
-60.20
462.40
960.20
-15.80
270.40
682.90
287.90
310.00
514.80
37.50
550.20
94.00
10.60
179.20
256.00
740.90
404.70
243.90
686.60
852.30
434.10
976.90
157.20
505.80
394.10
764.50
383.80
32.90
496.20
870.60
939.80
221.10
881.70
236.70
245.10
170.20
487.20
743.00
70.30
240.50
836.40
556.80
553.90
227.50
556.00
165.90
56.80
418.30
182.80
43.00
390.50
660.90
805.20
832.40
943.80
716.20
837.40
547.10
553.90
611.50
143.00
41.10
647.10
40.80
502.70
559.80
86.40
809.50
787.80
90.30
467.40
842.60
361.60
538.80
548.50
753.50
748.50
-37.60
548.80
482.60
769.10
-47.30
150.80
768.40
697.20
255.40
8.40
747.80
212.00
-38.10
530.60
480.90
563.40
616.50
180.30
628.10
441.10
285.50
863.30
486.00
696.40
131.30
184.90
649.30
136.50
104.70
883.60
334.40
919.40
31.10
276.50
-3.00
720.70
836.20
648.90
600.60
44.80
41.70
194.60
619.10
533.70
426.20
145.20
63.60
269.40
432.80
736.90
14.60
629.90
865.80
198.90
874.30
332.20
803.60
744.30
643.80
60.10
89.20
46.80
871.90
7.60
690.40
306.30
709.40
286.50
471.70
-16.60
643.50
869.40
-15.00
355.00
637.50
-1.60
314.00
88.30
355.80
218.60
80.30
121.30
46.00
599.50
353.40
780.30
791.20
263.10
855.40
105.60
71.40
199.60
182.60
879.20
49.70
43.00
214.40
533.80
916.20
614.90
139.40
837.60
347.00
888.20
235.40
674.80
811.50
878.20
331.70
675.70
293.20
198.70
373.00
714.50
265.40
536.90
70.10
255.80
-34.70
126.60
322.20
691.20
402.10
279.10
348.10
971.10
179.40
656.80
209.80
386.50
241.00
706.30
355.90
259.90
75.00
725.50
58.90
-17.70
605.20
268.50
49.20
84.10
256.80
-8.40
568.10
189.70
751.60
80.70
-10.90
201.90
-51.20
28.70
412.50
282.60
683.10
440.70
224.30
493.70
536.80
696.90
796.50
69.90
615.00
932.20
587.90
958.60
530.70
767.30
89.80
353.10
902.60
750.70
-3.40
-10.40
-25.60
177.30
455.20
84.50
204.20
695.50
465.10
121.10
547.90
449.60
263.90
558.50
681.90
641.60
487.80
705.50
254.00
538.50
425.20
418.40
919.40
268.90
142.30
293.60
894.30
24.30
204.60
516.40
781.50
163.90
591.30
723.60
191.80
186.20
781.10
915.70
465.00
94.40
572.40
79.30
679.70
728.20
289.60
422.70
-9.00
25.80
115.30
163.00
62.20
822.60
656.80
53.80
216.20
548.20
608.10
428.90
775.10
828.50
810.90
525.50
148.10
158.60
593.30
807.50
149.00
-97.80
893.40
451.80
-19.20
58.80
763.80
443.10
585.60
756.20
452.30
229.60
457.40
159.30
-37.10
508.20
-52.40
900.10
447.20
86.20
898.30
211.30
223.50
594.30
730.80
298.90
655.70
255.10
519.90
353.40
620.90
780.40
458.60
0.20
591.40
157.20
694.80
164.60
706.60
639.40
413.50
229.20
466.30
852.90
871.50
498.40
899.60
353.10
795.80
311.10
667.20
781.30
592.90
419.90
624.80
935.90
63.00
714.10
789.40
866.40
85.00
650.20
856.80
132.80
871.90
509.00
687.90
646.00
874.20
299.40
160.60
653.60
785.40
170.80
92.40
100.40
81.20
531.80
657.10
-77.10
375.80
894.80
303.50
428.70
508.20
798.10
313.40
-36.50
182.80
928.50
159.90
956.50
563.50
769.80
164.80
560.10
-11.70
869.40
341.20
235.30
593.10
69.00
694.00
42.50
27.90
552.90
0.40
446.60
678.00
892.20
771.50
699.50
174.00
927.10
885.30
826.00
222.90
-6.10
328.40
583.20
948.20
306.70
873.90
757.30
404.00
436.20
58.50
296.40
294.00
309.10
256.40
816.70
166.20
917.00
36.50
374.80
458.20
224.80
96.40
9.20
530.50
814.20
284.40
354.00
343.90
869.90
841.00
685.30
78.30
730.30
272.30
10.70
105.20
89.60
776.80
96.00
705.90
137.10
180.40
36.30
556.90
14.90
463.70
885.00
336.70
963.40
984.40
185.20
405.90
156.40
72.60
742.70
585.80
-91.80
320.00
744.80
726.20
617.40
368.70
803.30
546.40
401.00
758.10
787.30
851.50
634.20
-33.10
104.80
0.50
883.20
810.20
123.60
103.50
679.30
320.70
25.00
703.80
582.60
-7.30
273.50
646.20
119.40
434.30
174.80
313.10
686.10
-10.10
907.20
276.50
312.80
863.90
5.60
609.10
598.70
123.20
818.50
181.60
339.40
476.40
456.30
483.40
441.60
714.70
268.20
594.00
102.60
333.20
550.60
232.80
194.50
12.20
41.20
-30.00
317.30
153.20
391.20
625.40
602.30
784.20
212.10
492.60
705.90
811.00
22.70
204.50
289.40
570.70
187.60
-62.90
178.90
149.30
204.80
662.10
258.20
175.50
945.00
807.90
844.40
189.70
566.30
224.00
326.90
410.10
653.30
100.10
232.80
932.70
278.20
503.20
70.50
968.80
587.10
639.80
370.80
397.60
220.20
562.00
623.90
58.40
668.10
88.20
31.10
171.80
409.60
635.70
174.50
296.10
507.80
207.60
-8.50
689.50
98.80
511.80
-51.70
171.60
25.00
805.00
280.90
523.20
764.00
482.20
521.00
644.70
767.40
18.10
724.40
216.20
708.30
775.20
391.30
403.10
-9.20
623.80
851.40
146.50
662.10
342.80
127.80
251.40
532.40
339.50
236.40
204.60
-31.90
418.60
-15.30
-28.50
443.40
474.60
75.50
782.30
303.80
333.20
777.00
622.40
546.20
-11.40
373.90
398.90
676.70
826.70
428.70
483.00
513.70
624.00
112.20
625.40
330.80
215.00
393.70
635.60
682.30
872.60
479.40
357.30
563.80
218.50
203.50
174.70
110.00
900.70
613.20
39.00
337.50
922.80
650.50
460.20
382.20
185.40
60.20
718.70
800.70
520.80
39.10
524.70
712.30
588.60
729.00
39.40
415.10
781.40
194.90
899.90
478.80
248.90
233.70
138.30
-63.20
847.80
123.80
767.60
926.70
367.10
638.80
542.50
192.20
899.40
373.40
200.70
656.90
306.70
56.70
796.20
59.30
586.00
914.10
-0.60
581.40
185.80
261.90
-20.70
310.00
551.60
84.60
671.40
920.50
135.20
456.70
705.00
114.90
381.70
251.90
323.80
401.90
750.40
127.60
906.80
24.30
255.20
814.10
865.10
495.00
339.70
750.00
67.30
73.50
494.30
633.00
262.00
782.90
-50.70
345.60
85.70
581.30
822.20
745.60
911.20
15.20
414.20
882.70
125.40
100.40
489.00
7.90
566.60
106.40
409.10
200.90
683.40
-18.00
457.60
26.60
569.00
101.70
193.30
2.60
844.90
964.90
474.00
912.70
63.20
567.90
692.20
510.30
284.30
823.40
590.20
871.20
472.70
272.80
879.10
400.70
426.80
0.60
865.40
435.20
91.90
619.20
520.50
765.50
540.60
197.80
554.30
790.90
898.50
33.20
388.80
282.80
187.60
65.30
861.60
-78.80
350.20
773.20
892.70
-21.20
802.00
835.30
819.60
104.10
347.90
13.00
-22.50
847.40
805.80
886.90
593.60
208.00
530.90
-72.40
530.80
450.20
773.40
891.60
213.90
404.20
200.30
8.40
400.20
214.30
249.50
951.70
318.50
170.30
-50.60
64.60
64.80
561.00
287.20
-13.30
538.20
677.50
109.70
821.60
12.30
846.90
501.00
742.30
57.60
245.50
-86.70
200.30
251.10
675.30
508.60
588.00
328.40
590.70
318.80
894.50
317.70
212.90
160.40
603.20
807.90
266.50
-39.50
379.40
274.20
642.90
247.00
69.00
878.90
524.50
230.60
88.80
566.20
297.40
370.00
924.40
494.20
322.80
373.50
625.30
151.90
739.70
739.10
-33.60
520.90
129.30
-12.90
561.40
173.40
653.80
724.90
571.80
387.60
364.90
389.50
868.10
833.00
467.20
279.60
939.40
925.90
157.90
184.60
586.90
755.60
870.30
778.20
153.10
799.10
592.20
259.30
348.90
509.40
956.00
281.00
389.90
575.70
806.30
482.70
282.50
239.30
254.80
120.10
138.50
663.50
883.50
928.10
905.10
-66.80
157.10
221.20
446.40
354.70
609.70
631.70
758.80
904.80
356.00
586.60
763.90
263.80
695.90
627.60
95.30
282.60
-15.00
894.30
262.40
379.00
445.50
919.20
501.40
37.50
753.00
562.50
322.20
764.10
808.30
379.80
-47.80
317.80
553.20
745.20
778.30
551.60
291.60
311.40
704.70
217.00
974.30
338.30
730.90
-90.10
631.40
486.50
807.70
825.10
140.20
-38.00
771.30
658.80
90.30
784.80
380.50
268.30
326.50
715.50
867.00
606.20
70.00
301.00
481.10
434.90
544.50
161.40
958.50
346.40
290.30
198.60
741.20
521.00
742.20
769.30
33.50
336.60
741.40
410.20
854.00
528.80
773.10
753.80
671.80
94.40
152.60
324.10
265.80
894.80
46.50
764.50
92.90
58.90
768.10
-14.30
676.00
805.40
430.20
849.60
538.30
768.10
601.00
451.50
327.00
72.50
412.30
138.90
878.70
898.80
685.50
43.70
558.90
438.00
429.90
709.10
767.80
567.10
754.80
892.20
294.30
-18.10
708.50
-4.60
79.90
809.20
360.80
682.40
955.90
797.10
-25.10
661.30
694.40
-17.60
137.30
266.10
165.00
733.40
802.50
666.80
261.20
607.20
544.90
71.80
364.20
358.00
637.80
708.20
822.50
710.90
742.60
679.60
572.10
119.10
400.30
3.10
204.10
91.10
354.10
148.30
-9.60
669.40
142.70
775.50
595.80
884.50
606.00
315.90
713.00
774.80
332.50
204.60
372.80
741.00
625.00
567.90
240.30
437.00
225.70
191.60
300.80
639.90
345.30
20.90
866.40
23.90
259.10
17.40
798.20
612.60
512.90
475.60
767.90
232.70
112.20
701.70
722.10
695.20
281.30
51.60
902.00
33.50
460.10
873.90
107.00
254.60
732.30
731.40
-13.00
-36.40
314.90
328.90
242.40
669.70
332.90
182.20
-8.10
7.10
502.60
434.10
28.60
37.30
522.20
600.70
692.80
610.80
124.70
114.50
398.50
53.30
443.60
509.80
427.50
100.10
297.10
186.20
747.90
766.90
644.90
383.00
393.30
676.50
758.60
524.50
834.90
-0.10
695.80
574.00
509.20
311.30
852.50
739.00
825.90
29.40
660.10
415.60
504.60
647.90
234.70
417.10
260.70
381.00
456.20
499.30
623.60
492.80
193.40
33.30
166.90
815.90
202.40
252.30
105.60
636.30
547.00
741.10
328.70
44.00
640.70
541.90
265.90
125.00
423.90
808.10
682.60
535.80
741.10
825.10
374.80
645.60
675.80
872.60
677.80
473.10
246.50
103.40
776.10
-43.70
600.80
340.40
734.20
21.30
492.50
15.50
400.40
962.90
841.00
546.60
876.90
952.10
705.00
442.10
765.20
389.00
480.00
645.20
714.00
90.90
322.80
697.90
733.60
-71.60
589.00
424.10
38.20
471.30
408.70
725.00
-30.40
808.30
589.60
484.30
947.40
82.60
889.90
346.50
158.90
159.90
913.30
801.80
885.60
112.60
474.70
363.00
367.50
591.60
749.60
436.10
568.90
487.00
274.80
-9.50
599.80
-14.40
129.10
259.90
-86.60
351.00
-52.50
139.70
918.00
741.00
450.30
724.60
441.00
666.00
614.40
767.40
190.50
236.30
-45.70
169.30
285.80
442.50
329.80
509.10
195.40
830.90
595.90
589.50
813.80
511.10
713.20
754.10
220.70
496.00
529.20
880.40
737.80
120.70
147.80
311.50
-7.80
658.10
718.30
639.90
129.90
492.10
493.80
186.20
864.90
232.50
79.90
639.20
295.90
872.90
634.50
640.70
587.00
-18.10
959.00
-9.70
822.10
88.40
693.90
502.30
-16.30
870.90
855.00
815.60
625.60
708.50
115.40
506.30
-18.00
408.60
349.40
854.70
68.00
331.00
396.70
244.00
814.80
599.70
271.90
573.20
256.60
86.90
224.80
750.00
859.90
599.80
635.60
501.50
161.20
3.70
433.10
158.00
26.10
279.90
335.60
-1.10
732.20
534.40
298.10
713.40
27.20
337.90
856.30
148.80
133.70
523.00
893.60
627.80
840.00
632.30
781.50
108.90
310.60
863.00
923.00
29.90
46.40
-28.10
820.10
317.60
565.60
416.60
698.40
526.60
221.60
290.40
-16.40
163.20
707.20
31.40
659.80
991.00
-58.30
697.50
551.10
890.30
658.20
837.30
262.60
56.40
453.80
402.00
431.80
530.50
697.70
807.00
5.10
20.30
598.30
317.90
589.40
26.00
86.00
31.30
202.90
34.40
453.40
833.90
439.40
142.00
572.80
704.00
704.60
435.10
841.20
112.70
537.20
-85.70
410.00
793.50
867.50
797.10
600.60
-4.40
449.90
105.50
281.10
-25.30
272.00
167.80
595.20
58.20
-32.50
632.90
195.00
954.70
429.70
592.70
519.30
814.90
150.50
562.30
575.50
371.60
559.90
996.00
-20.50
942.80
180.80
811.20
39.10
338.50
91.40
266.80
128.60
964.00
275.40
251.20
857.70
56.50
790.00
340.00
440.30
823.80
253.40
933.40
897.80
-74.80
802.80
350.50
300.40
67.00
910.10
697.40
151.50
298.70
387.80
670.80
800.40
224.60
39.40
138.60
-49.20
891.00
268.80
453.40
710.50
246.70
286.90
796.40
13.00
546.10
482.30
270.10
415.60
306.00
854.30
936.40
260.80
526.40
580.00
955.60
5.40
435.40
321.70
195.70
637.30
104.80
338.10
717.70
813.80
316.70
-30.10
618.90
794.20
188.20
783.90
464.20
107.00
-37.30
592.90
409.50
543.00
610.40
524.90
12.20
0.50
376.70
464.00
259.70
774.00
526.60
443.40
300.70
82.50
242.80
434.90
747.00
855.50
9.20
37.80
232.70
826.60
837.30
662.90
857.00
-3.10
835.30
232.50
742.90
451.00
604.60
415.50
-25.20
-21.10
797.80
485.70
-72.60
635.50
35.10
604.90
879.10
270.60
869.70
749.90
320.40
606.30
490.70
363.90
251.90
641.90
108.40
50.40
-32.90
-39.40
207.90
-79.40
319.20
340.90
802.40
326.60
197.00
253.90
404.20
451.90
6.70
125.40
0.30
788.30
199.30
566.20
68.40
778.50
666.50
725.10
245.30
723.50
441.80
284.10
448.70
60.10
575.40
-10.40
521.90
334.00
191.80
100.40
92.60
586.10
586.20
487.80
167.40
-28.30
324.90
6.70
288.00
392.10
390.00
893.20
862.20
85.00
609.00
516.10
352.50
729.60
739.60
27.10
61.50
180.20
779.40
320.70
-30.20
145.90
291.70
274.30
734.80
629.50
914.40
315.10
292.40
718.00
481.60
496.30
961.90
134.50
-52.70
575.00
842.10
518.40
-53.30
622.10
277.60
357.70
745.20
804.90
575.80
706.40
475.40
610.20
233.20
468.10
968.30
600.10
524.10
317.90
857.90
568.90
454.90
485.80
384.50
465.20
254.90
619.40
817.00
462.10
651.90
774.80
338.60
428.50
739.90
492.90
252.60
98.50
-8.10
771.30
619.10
744.40
736.30
352.60
245.70
750.50
812.00
464.70
402.00
561.90
35.70
199.40
738.60
805.40
523.40
621.20
296.80
-17.20
487.00
324.80
518.90
731.10
137.90
549.30
962.20
375.70
720.50
627.90
232.10
96.10
873.90
444.50
844.50
482.60
342.80
138.70
403.20
35.90
668.30
332.60
515.20
546.70
725.40
177.80
157.80
189.60
726.80
17.40
879.80
365.60
822.60
477.30
-35.90
-63.90
753.00
164.70
705.80
919.40
767.20
-2.50
667.70
531.50
569.90
761.80
462.00
456.50
914.90
950.30
320.80
278.60
717.70
303.40
978.80
303.70
440.40
726.40
-1.40
887.50
-68.30
236.60
261.30
914.30
567.70
80.00
387.70
598.70
320.00
-60.20
799.90
483.30
156.20
424.40
943.50
638.40
764.20
363.10
185.90
-9.60
386.40
894.70
484.30
452.60
87.70
394.20
585.80
639.40
15.20
458.90
741.30
847.60
796.20
650.90
614.10
667.20
269.80
691.60
494.90
382.60
590.50
273.40
774.10
101.40
792.90
437.70
383.50
311.30
411.00
782.60
538.70
35.20
354.60
778.90
-75.40
315.80
131.00
860.90
393.60
551.50
606.50
3.30
340.10
358.20
830.80
898.10
565.30
393.50
745.40
431.80
574.90
626.00
202.60
438.90
63.70
149.90
516.50
895.60
38.70
215.10
302.20
376.50
931.80
94.10
251.40
43.10
590.70
611.30
50.00
663.50
428.10
644.00
25.70
252.60
-29.90
834.90
432.30
653.20
535.20
353.60
629.80
672.80
849.30
276.00
396.60
780.40
560.50
431.70
54.90
760.00
70.00
167.10
852.40
633.50
586.50
401.00
229.40
317.70
336.00
103.90
895.20
783.00
669.10
223.90
241.20
509.60
942.90
358.00
497.70
529.70
250.00
547.60
247.90
813.00
368.90
671.90
296.90
670.40
132.70
635.50
762.80
166.70
233.30
963.40
386.40
-68.80
594.10
129.20
744.00
885.70
856.80
817.00
327.30
533.50
-67.50
896.10
452.50
-31.80
357.10
292.90
735.60
567.70
346.50
673.00
506.80
-0.70
286.10
353.10
267.90
507.70
110.00
73.10
799.20
774.90
326.60
11.90
349.70
38.50
719.40
435.30
3.90
688.10
205.60
558.10
472.80
793.50
97.60
890.40
452.30
601.30
67.50
157.80
343.50
-59.00
390.40
18.20
432.50
322.40
827.40
934.60
288.50
721.80
279.90
479.90
439.20
668.70
587.10
900.00
579.00
106.30
931.40
24.10
285.90
700.00
899.40
897.50
16.20
856.60
-40.20
447.10
27.80
830.90
782.90
905.10
648.70
352.50
606.20
456.40
525.30
339.10
837.60
110.00
545.40
366.90
382.90
710.90
853.30
428.60
462.30
87.70
877.00
-17.00
728.90
567.00
308.30
169.40
434.00
743.40
652.20
-42.60
752.50
982.70
537.60
422.90
437.70
619.40
239.30
288.00
792.70
474.90
392.80
440.60
566.20
63.20
207.80
6.40
239.70
244.70
385.70
370.20
256.60
374.10
-21.40
812.60
882.80
775.50
861.80
73.30
163.30
126.30
-37.60
821.80
323.60
48.40
505.40
118.00
919.00
145.10
665.50
474.50
331.50
416.00
336.20
781.00
144.70
897.70
473.10
80.90
147.60
913.90
841.80
22.30
709.50
-22.50
687.10
293.00
631.80
777.30
742.20
348.80
202.80
749.80
229.90
787.10
575.70
894.20
451.30
563.60
468.20
728.10
361.10
171.50
402.90
536.10
449.60
420.70
876.90
819.60
485.20
866.60
83.10
-10.80
14.30
728.40
867.30
239.90
816.40
725.60
568.10
565.80
303.10
174.00
86.90
542.30
881.90
154.10
580.70
26.80
691.30
408.10
-23.80
849.60
723.00
176.10
564.20
863.50
694.10
69.80
397.20
599.50
257.00
449.70
621.00
325.60
602.00
196.20
150.00
154.30
857.10
800.40
161.40
909.90
291.00
341.70
238.80
106.30
203.30
481.60
-36.50
829.40
490.20
44.60
650.60
933.10
677.20
160.30
105.60
530.60
225.30
819.80
452.10
730.00
810.30
771.30
745.40
478.30
341.90
429.50
491.40
365.20
12.10
693.40
774.80
624.70
-45.40
313.00
982.90
363.50
465.30
397.10
948.80
566.70
-15.90
601.10
772.40
414.60
235.20
205.70
323.10
211.40
381.90
762.30
520.60
897.00
897.70
508.00
568.30
227.40
-12.80
65.90
742.40
557.30
794.80
72.80
746.10
278.20
784.30
765.30
720.60
233.10
570.90
622.90
295.10
629.80
919.30
600.60
168.70
718.10
293.70
595.90
43.80
185.60
113.50
528.90
271.70
215.50
31.10
421.30
273.70
49.40
21.10
442.10
63.10
503.20
97.20
470.60
314.10
932.80
620.90
782.20
677.10
94.90
404.90
561.40
16.50
671.80
107.20
430.50
341.80
446.50
480.90
392.30
264.80
690.30
24.10
367.30
441.40
932.60
623.50
8.20
129.70
747.10
265.20
118.40
101.50
580.70
674.40
221.90
840.80
646.10
441.90
534.90
375.90
533.00
661.90
129.60
717.30
556.40
135.30
100.40
511.00
878.50
873.20
769.50
267.50
85.10
2.90
390.60
495.10
110.80
728.40
81.50
219.40
597.80
619.20
177.00
763.40
948.90
310.70
13.10
689.10
309.40
57.30
945.40
250.20
619.50
459.50
395.20
55.10
284.50
252.20
19.70
665.30
394.80
201.30
176.40
815.90
916.80
424.90
799.20
138.60
798.30
789.90
522.60
940.40
813.90
473.90
400.30
362.70
830.10
728.30
125.90
-26.30
661.80
320.20
105.90
383.60
13.30
500.00
770.30
345.90
768.20
714.30
152.50
737.30
773.80
237.20
792.60
302.10
156.30
924.90
117.50
970.20
769.30
596.60
320.50
247.20
284.40
821.00
926.00
416.70
361.30
719.20
890.60
47.80
83.30
16.50
380.10
394.80
564.50
100.20
38.10
691.00
411.50
455.30
855.80
591.80
66.10
36.70
6.50
356.20
430.30
184.60
723.60
670.70
558.20
470.30
235.80
404.60
322.60
391.30
466.60
631.00
-11.10
953.90
330.40
390.90
834.00
24.70
89.60
547.90
748.00
700.20
401.20
894.80
7.00
664.10
37.30
362.30
102.70
684.00
720.20
394.60
272.80
764.20
653.80
499.40
917.90
611.00
203.20
674.80
283.60
635.60
284.10
874.00
161.60
399.30
498.10
257.30
369.80
51.50
802.80
325.70
259.70
626.40
927.90
204.20
642.00
910.10
29.90
46.70
88.30
187.90
221.20
390.10
102.60
112.30
340.50
654.40
48.90
52.10
618.50
23.50
21.50
336.10
828.90
730.00
121.00
603.80
-24.00
883.80
477.10
385.40
507.20
715.80
927.00
339.40
721.90
377.90
578.30
328.90
52.80
754.40
499.80
244.20
-78.90
414.20
640.20
864.80
20.90
85.70
315.50
893.00
166.40
758.80
575.90
458.40
135.70
168.50
440.80
635.10
173.20
171.40
108.70
171.10
208.30
712.30
246.60
-65.50
130.40
329.90
465.00
61.60
207.80
64.50
766.20
681.80
6.70
418.60
117.90
803.40
919.50
348.50
100.10
631.90
857.70
146.00
342.60
318.50
376.20
695.10
441.50
-12.80
424.70
337.50
795.70
616.40
814.90
201.90
538.50
282.80
844.20
764.60
486.60
824.30
401.70
552.60
386.40
580.10
504.90
631.10
232.10
188.30
467.10
88.80
-48.50
981.90
143.00
148.00
336.00
889.70
199.00
149.20
161.90
804.50
616.90
19.60
406.50
717.50
666.30
790.60
238.90
402.20
444.40
339.30
140.70
483.80
356.40
772.50
974.10
819.40
65.60
869.30
448.00
891.20
901.50
353.30
729.40
309.90
653.10
308.50
544.00
45.40
464.80
267.30
356.40
200.50
172.40
640.20
556.70
142.30
392.10
698.00
543.50
171.70
467.70
-84.80
707.70
573.30
795.20
813.40
597.40
458.00
195.60
315.50
230.90
457.10
600.70
777.90
860.60
822.50
297.60
324.20
446.10
-62.50
387.40
664.80
286.90
757.30
202.70
664.30
445.50
576.40
300.10
331.00
887.60
113.70
648.50
480.40
972.70
417.70
979.30
717.70
17.00
553.70
-58.40
66.80
200.30
458.60
611.10
128.90
-48.00
423.50
652.50
35.30
888.50
36.50
705.20
634.20
182.70
654.50
454.70
250.80
382.10
-2.70
383.10
-91.70
368.00
850.00
548.60
307.60
754.80
273.90
76.20
696.60
353.80
439.50
902.80
104.60
665.40
200.70
423.90
765.90
551.10
490.00
-31.90
798.50
335.10
486.60
545.30
104.80
374.80
71.50
391.50
631.80
100.50
423.70
795.70
314.30
751.90
600.30
490.90
566.90
658.80
185.10
362.60
82.00
522.80
313.10
692.80
801.70
555.40
619.40
448.40
322.70
263.90
219.30
18.60
475.40
324.50
70.00
575.60
600.30
781.60
500.10
415.30
461.70
681.60
500.20
299.50
290.20
796.20
701.50
400.30
38.40
169.70
-56.90
903.50
594.70
536.90
448.10
350.50
477.40
894.80
350.50
412.90
391.80
494.00
446.80
417.30
733.40
544.70
525.90
539.70
295.00
711.80
754.10
114.30
611.10
575.00
-64.40
178.40
698.10
120.80
836.80
879.20
1.20
814.40
304.80
6.50
76.30
142.70
508.50
558.60
857.80
356.70
588.50
259.80
839.60
-5.80
670.70
145.40
232.00
-72.40
60.60
867.40
235.40
572.10
658.10
877.20
832.40
683.00
762.00
318.00
624.70
-7.90
746.90
443.00
894.20
334.70
-30.50
607.10
96.30
652.50
789.90
748.20
727.30
583.90
304.00
-51.70
200.80
319.20
891.30
270.30
-28.30
665.90
418.40
80.00
751.00
291.90
158.80
72.80
128.50
920.40
742.50
80.90
631.20
753.40
867.30
715.20
54.20
924.00
73.00
-64.30
63.00
403.70
-19.10
601.20
458.70
863.20
944.00
88.70
-64.80
23.90
141.90
264.60
18.10
570.40
222.30
90.80
166.20
91.20
692.80
409.20
765.30
902.80
822.70
864.40
13.90
925.50
550.60
244.30
71.60
433.70
83.50
311.30
798.60
97.70
563.50
156.10
468.30
915.10
-30.80
383.20
708.70
708.90
645.10
226.10
554.70
395.70
693.80
137.80
841.40
565.30
128.90
176.50
331.00
497.40
797.00
394.20
948.00
409.80
154.40
577.50
360.50
459.00
579.50
758.90
531.80
90.90
270.60
28.00
518.20
335.90
259.70
933.10
180.80
750.10
852.70
929.80
81.30
689.40
793.00
34.20
15.30
90.90
601.60
175.10
840.10
90.20
410.90
168.70
-69.70
681.60
10.10
792.80
280.50
206.90
16.50
441.70
-12.50
553.50
922.40
47.70
202.60
249.20
122.10
74.70
-81.40
-42.00
347.40
319.20
239.90
117.30
819.30
452.90
537.00
672.80
381.80
349.60
646.90
925.60
706.30
704.60
520.50
485.80
597.40
775.30
114.50
282.30
930.30
777.90
131.60
453.10
223.40
796.10
872.70
437.80
80.70
-36.40
812.60
909.60
12.10
145.30
847.40
137.20
195.70
354.60
933.50
97.40
405.10
877.70
98.00
474.10
227.80
810.20
652.50
608.60
478.80
602.50
717.20
814.90
498.90
537.20
205.20
650.00
528.90
91.80
123.60
281.40
238.70
90.60
143.50
-48.10
328.60
427.30
615.90
702.40
656.50
885.10
695.60
805.40
684.10
525.80
655.40
385.30
-7.00
492.60
42.30
640.60
879.90
600.00
106.60
686.10
555.90
115.80
787.80
319.80
135.70
584.20
693.20
353.10
578.50
635.40
756.10
0.00
871.90
740.30
820.50
195.10
905.30
927.60
420.20
639.50
744.50
61.70
481.10
871.90
825.20
968.50
263.50
748.30
263.00
838.40
984.10
562.50
228.10
514.20
431.40
268.50
49.60
167.60
22.10
240.50
47.50
119.90
-45.50
270.10
201.50
251.00
413.30
125.70
59.90
77.10
110.70
316.30
599.00
148.60
782.80
206.30
354.60
12.20
35.00
418.40
746.10
131.80
529.60
436.20
379.90
150.90
790.10
140.60
325.50
114.10
615.10
385.60
196.50
203.70
682.60
679.70
200.30
464.00
302.00
782.10
260.70
635.40
448.40
345.40
617.20
13.90
239.20
623.30
-21.80
864.70
131.50
673.00
154.40
45.90
568.90
402.00
858.70
981.10
899.50
251.60
914.80
774.30
-8.50
75.90
405.10
29.80
354.00
412.10
682.10
468.00
930.10
-43.40
603.70
351.90
839.80
523.70
123.00
275.20
717.90
262.10
964.00
277.90
192.10
100.00
581.50
387.10
-58.10
736.20
-38.20
238.60
755.30
521.90
858.80
497.50
886.20
442.70
611.20
278.90
-18.50
214.40
789.90
-7.10
51.20
727.40
329.70
174.20
586.50
921.40
175.80
414.00
-48.00
468.70
264.60
755.00
103.50
97.50
823.00
158.00
659.10
129.10
428.90
-14.60
592.30
912.60
153.80
123.10
634.00
382.40
40.00
684.70
445.00
625.70
592.00
234.30
107.60
781.60
-57.60
20.20
95.90
440.20
255.60
706.20
655.00
845.10
-68.60
9.00
394.60
900.40
662.50
726.90
923.60
78.30
46.60
-11.80
841.10
936.40
120.70
201.30
57.30
673.00
451.90
-15.80
68.90
517.50
508.90
614.20
292.90
666.60
273.40
581.40
48.30
485.00
752.70
853.00
713.30
-68.60
777.10
217.80
362.10
465.10
158.50
74.30
-3.10
335.20
-27.00
315.10
-30.60
348.50
531.20
759.60
563.60
490.20
528.20
978.00
164.00
128.00
593.60
174.00
656.90
861.60
673.60
18.60
339.40
365.50
659.00
275.60
97.50
818.00
133.60
327.50
668.00
906.90
40.60
417.00
568.90
928.30
220.10
269.70
897.10
299.50
342.40
415.30
791.80
-48.10
596.40
566.00
357.50
-36.50
794.70
643.40
245.70
375.30
514.60
244.30
783.60
75.80
421.10
495.70
205.80
898.40
673.10
532.50
299.00
742.60
390.30
653.00
32.10
684.90
-34.90
-31.70
477.50
288.40
503.40
739.80
50.50
200.90
522.50
418.00
349.80
804.10
453.30
118.10
-19.00
455.60
938.40
188.50
862.10
80.00
231.80
758.90
525.30
187.40
564.40
737.10
-30.10
646.60
70.40
1.00
689.90
666.60
611.50
483.60
855.80
875.10
466.80
583.30
208.50
715.20
672.40
379.50
829.30
489.20
594.00
375.30
928.40
826.00
982.40
742.40
592.80
64.40
436.50
786.70
192.90
454.20
-7.00
929.00
814.70
18.20
750.90
438.50
89.30
516.00
592.80
371.80
41.40
181.30
841.80
-26.80
652.10
-52.70
822.10
561.80
45.70
925.00
524.70
-30.90
351.20
305.30
-21.40
731.90
666.80
702.00
227.40
57.80
364.80
80.40
690.90
468.80
272.30
90.10
803.80
591.10
457.80
424.00
310.60
449.30
690.30
200.00
902.10
863.10
887.20
706.30
413.20
935.20
-56.20
81.80
335.10
271.80
436.40
432.30
-46.60
73.50
557.70
135.20
819.70
116.00
