212005234422245222099040
010211142354130225288401533543
2451222130110133358789320
4022030413110024018899124545400504202514050
525320555315522555076123121111104024
040101343421021155368445240421554
524533522323200132398311003454523214521423255104
511433245235211022276015240233201
515525504535254420297312205342042
544302312104534223099110002314510552222003
1022542455214221456988211031003512
0511500350531453008666232150413115455550414103
0415245145425203419869545204003212551101
1254350352322022326799004001505011
0523425045120331229799520011404221333255015345523
5103030313141231457688243235300010
2240304154344103239997320121031122542024435
3200411525541112317788454521431124
1434001153202005309798520351553543343103320440
2352223450142520047669252301335015133244
0350102041114220217877241103225330312135220015212
32331220052152523876687305201204404102
04511443312445243697667112331540042201101
50204245224452221869679451041143242035432453310140404201
31301343441422241679699401504535221022430004
22444552531305030796798243440512524353540350304523042504030
051504025013352066668987151502520531555225
105514144425511569789976234012310130540400421
202533300135214569867997302510312345255450250311
322240121422431368869986041122320323435115255210
0503400021305439687976966550115200555045442
4513455103512456996978999153043445510
522543542030187678667877798340433530210552040410133301250432
220324441310569676877867998045325221541450504
23403254133404796887867798312221215153511335300553
50043402005515969987986789042532540550442
114413521050367879786879987441404251555443314133124
233251240310576777353339977120554204342545
2433145500406678854032376968314043335441233123210452
2014331344316667755332338678054353511503320403303213115103
45443323205897778330514099887521450115003140342
12235113537769664112420177687030352120243015255025402
55151546987686982639074616678868545443030522541
20251337888666788797897789997778225430220303000240143401
43510546686768997869778668988668151014505312432042421013101215
54352127797698996769978769766689025110052341214102254
011000496866876897998769979867667551011220404220231
1440128679888686897686866966697687034141142200434140432501
35436877787867500001553426877886889053325140010
1257687878853152450003421324886878665530000154545205
0566679867305255140352550052567668767524532143051
4797698882045304351400304452009977767941314115245103022403
