32301768775315043211045768881105045412034204002253352133
111691501476530555014691425597532520532245343313222
1261322444349203405272220220536504551135052211110201
248100899714563024465239776322621042404151350300250104005503043144
38221915006357404359449110580558305453253050402153502
18347410301903725470485042149537021201555510443114524
915841021006408699744815214418159435235544223351433515
941720152432971320198054224356037213212221050255143422
63461025026802310321166530145932803322403210404
7131741138520323252245593045655294503000
2845184184041551000254049408412753334013352435541341250411014011130
0391507655507812313690434670506432131400015235155134
51171117235720232530061547520942250043141533444121255333534115523
254079490035532133004310262980296692105105303325031145454012303
0240400850026644354860221601586981144321215430320254020132240
50444415740368300407953485319685514450352123220145512410115
2454331290353443153552458309862343315202413101252343201424
11300533791552066713235990997303105450222210412342524512143515402052332
343052417541175284290143927861025342535051501145240202201
22313554930302969865520171788541035412150411143453
033435113793224213552166488970353322155404353000255012102
153241224527897976686632177884224215150454514245240322505
30005232257294052501859877760542214420522133505315404242
405022520490755022258085876002321305543222244352
54344135174830134015574788731053130100305053502450101103125101
04442151095845325345372887322543104040302001243
203113386063354142411570985502321054542530433432030210
534530743281504450004282228141402105424502504435
214154387962533410212588970232504340500441212124130351
2414132532288412551269335122202345003455232324501342315134030440
03314130135858886788065140405423022205541103421411
00113130134703082904492144034522544523032032445404
4514043223725356383314714210222551435411155355245142321331
44355234570314280741342642425412320341223105014520451401355
45325304418989712298998405243454321223215130
