5455515513125330253341351043142545317979142052152402021214
12115250025134040323035501114302307603229253521300400532120
014221343043413220112443324412315845524246012140001311540234
3127998135034145030231154540220381303504059433231011422402015350310
4565551875344142554141354511513755146332159342142412313515230
3845230458721401425540455410449532176912457500432003453214014
0603404145597122208776277805474121778964156152111423515140522
7545241300112918970267651863710346776872446431233250524315234443450555320
8010487235305460691376822666220466687990446312411005005521505
9350676653422137679278953177553149666762347325531204401032533424355523213
9152677668351037868376795376714133288687326125154003432430133212524015303
9004877666820048988269764096804513042769139125233050524342450
8133999980035007669496873566790211224342438131425031005425233002303
6254899831023219967069680399883542455550258533302554304333321233533
6244997315035107679287772478875022403413157514131032012120523453015332350
9253663525001419977057773487981520420543037530335344550203124001454
9043152501203258691228861206971555525005357444503054415230310544154
7235553335355202815215810514833323413112207502343103152211350203524442540303440
27500104234250550114305513423010524500345059301215312103015215313511205242
935051332104530131255020524313523886845310057135002052030333223002535
722524024015150551355141402554306027760511327322224430551135314422345451540
902114542107978140024412524252597207899453427122341431333422020053244
705244402178913751043043003144477778999532559040530541445345330424042
725014353687940614214020451315367899967400546452423303421115343211020
911212340988988772424540350553569987898201056311512320030015004544142
702413505889676970543215233225319979982315428024414103405020435120322
812350145868999794125054841184323678711124129314551310400355142
612200543277769855015901994754325240241232319024151510410532104342454235430
74241200134869820432307631635104503043332446044320131433402143312334
1833424200252154152414272562402423023540259120351123101224011333203
036244201523445012010312963121532353504507133335401021301001031000
01170543304214431132215504413544546671157455451031135011402542213
1433993325212125422351015404221039255646305020243415351101241415
053504896151223335501220035104127230509135353504042353555422011
001402253689654405025245208787764032049343455054315041022454120
114885002104498878668789765504002425558143132353512111314104530
35854935450553634072011525451554314076321335105451513421050323400404
018505643530428243382203505502512669021430414153305245212430
0365156550015458510075053234333386410413135432005203011101
03688998200200375410724535530439229543045434403142343244105500042440411
122644177031253375029353230351622356251315342135504430342423
541697988910486819884502504429120128423553101032020221330534411044
023083409986935842040710301259210138013320354220242033235515051243
215529316330442744331911142556443327550210533254343540401200
05105289886969683222274105201640146135214204502050123
4230315041403031877660402031108869145120544300552354154321233211
