7
19
23
8
10
2
24
8
23
19
0
5
12
2
27
23
7
19
10
22
3
19
9
17
10
3
9
18
26
25
7
26
2
7
20
3
19
19
9
21
7
2
13
6
5
5
8
1
24
7
11
23
28
4
28
20
24
26
0
13
22
16
9
14
11
13
27
18
18
13
28
1
25
13
15
4
23
6
5
29
15
4
9
1
17
5
15
14
21
18
18
23
5
22
12
26
16
27
8
24
21
27
11
8
17
8
7
27
24
24
29
11
5
15
15
8
22
19
8
2
0
7
24
28
25
18
23
10
16
12
22
25
22
22
7
21
15
22
21
11
20
21
8
27
16
20
20
19
5
16
2
28
15
9
24
23
19
20
25
6
3
26
23
20
18
4
0
14
16
4
26
24
13
18
4
10
20
9
13
27
25
7
2
9
17
15
16
25
13
10
14
8
25
15
15
14
22
11
9
12
24
25
8
26
12
15
1
23
29
7
3
7
5
20
2
21
18
7
1
15
25
8
5
6
27
19
4
21
6
1
22
20
14
4
5
9
7
15
13
29
20
25
15
6
3
22
26
28
9
21
24
8
18
17
21
9
3
11
21
4
29
25
29
0
19
13
4
10
27
15
27
15
20
26
14
27
18
24
20
0
16
2
4
27
14
11
28
15
8
29
9
19
3
13
17
27
23
2
15
6
23
4
10
26
0
24
20
15
16
8
15
3
17
26
8
6
17
1
8
24
9
27
23
11
10
22
13
17
21
8
9
3
27
4
18
0
4
20
25
27
20
10
15
6
7
8
0
16
25
27
23
14
23
20
24
28
27
15
9
25
23
12
7
13
19
27
27
29
15
3
3
3
18
25
8
19
6
20
14
12
3
13
27
10
0
21
10
13
20
10
3
8
23
26
10
4
20
19
2
4
19
22
29
11
0
19
13
10
0
13
20
1
9
8
6
29
0
1
26
24
24
8
6
21
24
20
8
21
20
23
21
21
5
0
28
14
29
3
20
5
2
3
28
17
28
0
24
15
7
1
0
6
20
23
3
5
20
2
23
2
17
21
20
20
29
27
11
27
14
5
11
27
8
2
15
4
5
23
20
1
29
4
25
19
13
29
16
26
4
20
18
22
0
6
10
17
12
19
8
21
21
26
11
1
28
21
11
15
0
10
8
3
17
10
1
23
4
13
7
7
5
11
22
26
26
25
24
11
7
1
13
24
18
16
21
5
10
16
5
3
1
0
21
19
5
27
6
8
5
4
17
9
26
16
6
16
27
20
4
21
0
8
21
14
28
28
4
25
17
9
8
4
15
18
28
29
24
17
0
4
10
26
15
3
8
15
1
12
24
16
7
15
25
0
15
2
20
27
17
19
27
15
3
19
9
4
19
21
5
29
28
23
0
9
20
7
26
8
23
8
26
1
29
16
17
28
19
27
15
15
2
14
9
14
24
27
19
5
5
6
21
25
29
11
3
28
28
29
14
3
29
25
11
17
14
25
11
4
6
20
13
2
12
1
4
17
7
10
29
25
7
12
19
27
6
8
22
29
9
8
23
17
21
2
16
21
7
26
25
10
24
25
1
12
13
17
2
4
1
8
2
16
10
23
29
14
19
16
5
1
3
12
16
9
20
10
3
29
25
3
11
1
22
26
19
1
29
20
16
11
17
3
28
27
0
23
6
29
21
14
11
4
6
1
0
22
4
20
4
3
21
7
9
14
17
10
11
1
5
2
22
12
14
19
27
27
2
20
19
0
27
11
26
0
29
2
19
26
10
22
18
4
4
18
0
11
5
21
21
11
15
11
27
20
18
15
13
7
29
26
3
21
5
8
0
9
22
4
3
13
9
0
5
15
14
14
3
18
2
22
16
4
20
10
0
18
21
27
16
17
21
4
28
21
8
5
13
21
19
3
9
21
20
24
19
20
10
10
13
12
18
22
4
18
13
5
0
20
6
27
0
7
13
3
12
11
24
0
10
18
7
3
28
24
25
2
29
10
19
28
20
15
3
15
5
4
15
1
1
26
11
9
13
14
27
9
28
20
7
25
8
14
12
25
20
17
0
17
26
28
22
13
29
0
13
8
3
21
20
0
8
0
24
27
6
11
26
1
4
9
6
24
12
28
14
4
19
28
11
10
23
17
24
23
14
28
11
2
18
3
9
29
29
26
11
7
23
29
28
4
0
6
13
4
26
19
27
4
29
4
21
29
16
17
10
29
7
13
11
5
16
4
15
1
2
28
28
20
27
27
19
6
20
1
22
23
22
1
21
10
